# relative_time, cycles_done, cur_item, corpus_count, pending_total, pending_favs, map_size, saved_crashes, saved_hangs, max_depth, execs_per_sec, total_execs, edges_found
61, 0, 10, 1448, 1057, 0, 53.34%, 0, 0, 10, 1983.32, 1148719, 1598
66, 0, 10, 1458, 1067, 0, 53.37%, 0, 0, 10, 1228.16, 1154037, 1599
71, 0, 1422, 1467, 1063, 0, 53.57%, 0, 0, 10, 29695.46, 1220689, 1605
76, 0, 1307, 1491, 1078, 0, 53.87%, 0, 0, 11, 25733.98, 1348765, 1614
81, 0, 1467, 1506, 1084, 0, 53.94%, 0, 0, 11, 27573.08, 1495530, 1616
86, 0, 461, 1520, 1092, 0, 53.94%, 0, 0, 11, 28177.66, 1638063, 1616
92, 0, 554, 1530, 1092, 0, 54.07%, 0, 0, 11, 27009.90, 1772941, 1620
97, 0, 1552, 1572, 1112, 0, 54.77%, 0, 0, 11, 25268.71, 1897586, 1641
102, 0, 1577, 1578, 1113, 3, 54.77%, 0, 0, 11, 27188.10, 2038750, 1641
107, 0, 1523, 1588, 1111, 0, 54.77%, 0, 0, 11, 29242.39, 2185485, 1641
112, 0, 1552, 1608, 1120, 0, 54.81%, 0, 0, 11, 26926.05, 2325150, 1642
117, 1, 1523, 1621, 1117, 0, 54.81%, 0, 0, 11, 27154.78, 2468175, 1642
122, 1, 920, 1628, 1100, 0, 54.81%, 0, 0, 11, 27327.39, 2606445, 1642
128, 1, 1642, 1643, 1095, 1, 54.97%, 0, 0, 11, 27084.17, 2738287, 1647
133, 1, 1406, 1646, 1080, 0, 54.97%, 0, 0, 11, 28203.03, 2880300, 1647
138, 1, 489, 1656, 1069, 0, 54.97%, 0, 0, 11, 29524.11, 3027559, 1647
143, 1, 194, 1664, 1061, 0, 55.04%, 0, 0, 11, 26630.19, 3159780, 1649
148, 1, 1523, 1665, 1041, 0, 55.04%, 0, 0, 11, 29282.81, 3311974, 1649
153, 1, 184, 1669, 1023, 0, 55.07%, 0, 0, 11, 29023.44, 3460700, 1650
158, 1, 1509, 1669, 1003, 0, 55.07%, 0, 0, 11, 27077.19, 3600208, 1650
163, 1, 1511, 1677, 998, 0, 55.11%, 0, 0, 11, 28745.40, 3746868, 1651
169, 1, 112, 1686, 992, 0, 55.17%, 0, 0, 12, 27274.87, 3881382, 1653
174, 2, 1587, 1697, 986, 0, 55.17%, 0, 0, 13, 27737.08, 4021415, 1653
179, 2, 1679, 1703, 978, 0, 55.17%, 0, 0, 13, 26939.27, 4161313, 1653
184, 2, 1705, 1706, 962, 1, 55.24%, 0, 0, 13, 28982.30, 4306463, 1655
189, 2, 1544, 1710, 953, 0, 55.31%, 0, 0, 13, 29888.48, 4457336, 1657
194, 2, 1079, 1712, 943, 0, 55.31%, 0, 0, 13, 29974.57, 4607102, 1657
199, 2, 722, 1714, 929, 0, 55.37%, 0, 0, 13, 29353.67, 4757315, 1659
204, 2, 1523, 1719, 924, 0, 55.44%, 0, 0, 13, 26130.80, 4893695, 1661
209, 2, 585, 1724, 920, 0, 55.47%, 0, 0, 13, 26489.68, 5034799, 1662
215, 2, 1420, 1726, 903, 0, 55.51%, 0, 0, 13, 29817.56, 5188252, 1663
220, 2, 1467, 1732, 896, 0, 55.54%, 0, 0, 13, 28894.14, 5334275, 1664
225, 2, 346, 1736, 886, 0, 55.54%, 0, 0, 13, 29633.02, 5484707, 1664
230, 2, 1714, 1739, 870, 0, 55.67%, 0, 0, 13, 27737.04, 5624960, 1668
235, 3, 1727, 1743, 859, 0, 55.71%, 0, 0, 13, 26748.64, 5767076, 1669
240, 3, 1458, 1746, 852, 0, 55.71%, 0, 0, 13, 23222.04, 5874599, 1669
245, 3, 185, 1750, 838, 0, 55.77%, 0, 0, 13, 26178.99, 6013379, 1671
250, 3, 461, 1751, 834, 0, 55.77%, 0, 0, 13, 28785.84, 6162724, 1671
256, 3, 1523, 1756, 832, 0, 55.81%, 0, 0, 13, 23488.68, 6284578, 1672
261, 3, 1202, 1759, 821, 0, 55.84%, 0, 0, 13, 27461.92, 6433881, 1673
266, 3, 1758, 1763, 813, 0, 55.87%, 0, 0, 13, 27649.83, 6577325, 1674
271, 3, 1761, 1766, 803, 0, 55.87%, 0, 0, 13, 26084.50, 6708258, 1674
276, 3, 1765, 1772, 801, 0, 55.91%, 0, 0, 13, 29154.97, 6863963, 1675
281, 3, 1764, 1773, 790, 0, 55.91%, 0, 0, 13, 27676.84, 7004322, 1675
286, 3, 1523, 1776, 780, 0, 55.91%, 0, 0, 13, 29890.36, 7158974, 1675
291, 3, 1523, 1780, 772, 0, 55.91%, 0, 0, 13, 28653.20, 7298565, 1675
296, 3, 1523, 1785, 763, 0, 55.91%, 0, 0, 13, 27539.46, 7435588, 1675
302, 4, 1230, 1790, 759, 0, 55.94%, 0, 0, 13, 26108.61, 7572892, 1676
307, 4, 461, 1796, 755, 0, 56.01%, 0, 0, 13, 37559.98, 7707979, 1678
312, 4, 1744, 1801, 751, 0, 56.07%, 0, 0, 13, 29019.44, 7843459, 1680
317, 4, 461, 1805, 748, 0, 56.07%, 0, 0, 13, 27551.67, 7980989, 1680
322, 4, 1813, 1816, 746, 1, 56.24%, 0, 0, 13, 21935.23, 8091709, 1685
327, 4, 1395, 1840, 755, 0, 56.51%, 0, 0, 13, 25182.97, 8215763, 1693
332, 4, 1841, 1842, 753, 1, 56.54%, 0, 0, 13, 25998.86, 8349599, 1694
337, 4, 1523, 1849, 750, 0, 56.71%, 0, 0, 13, 29394.17, 8500526, 1699
342, 4, 1468, 1855, 749, 0, 56.71%, 0, 0, 14, 26918.54, 8630574, 1699
348, 4, 461, 1861, 743, 0, 56.74%, 0, 0, 14, 27851.10, 8778087, 1700
353, 4, 1761, 1868, 746, 0, 56.74%, 0, 0, 14, 29118.18, 8880592, 1700
358, 4, 489, 1872, 734, 0, 56.74%, 0, 0, 14, 27926.41, 9020108, 1700
363, 4, 1523, 1873, 722, 0, 56.74%, 0, 0, 14, 27694.34, 9162312, 1700
368, 5, 1523, 1878, 723, 0, 56.74%, 0, 0, 14, 27934.92, 9303629, 1700
373, 5, 403, 1880, 713, 0, 56.74%, 0, 0, 14, 27545.23, 9445978, 1700
378, 5, 645, 1893, 714, 0, 56.88%, 0, 0, 14, 25686.82, 9573656, 1704
383, 5, 1523, 1898, 706, 0, 56.98%, 0, 0, 14, 27561.99, 9719812, 1707
388, 5, 1836, 1900, 700, 0, 57.01%, 0, 0, 14, 29089.76, 9867660, 1708
393, 5, 1884, 1900, 691, 0, 57.01%, 0, 0, 14, 28170.24, 10010491, 1708
398, 5, 1000, 1901, 683, 0, 57.01%, 0, 0, 14, 29453.18, 10158194, 1708
404, 5, 382, 1903, 678, 0, 57.04%, 0, 0, 14, 27786.20, 10297423, 1709
409, 5, 1386, 1906, 670, 0, 57.08%, 0, 0, 14, 28093.27, 10441173, 1710
414, 5, 1905, 1907, 663, 0, 57.08%, 0, 0, 14, 28943.81, 10590275, 1710
419, 5, 1305, 1911, 660, 0, 57.08%, 0, 0, 14, 28324.42, 10731769, 1710
424, 5, 1815, 1913, 654, 0, 57.08%, 0, 0, 14, 28200.52, 10876301, 1710
429, 5, 1899, 1915, 649, 0, 57.08%, 0, 0, 14, 27545.47, 11016096, 1710
434, 6, 1523, 1916, 644, 0, 57.11%, 0, 0, 14, 28303.36, 11161297, 1711
439, 6, 472, 1918, 639, 0, 57.11%, 0, 0, 14, 29003.84, 11309577, 1711
444, 6, 1523, 1919, 635, 0, 57.11%, 0, 0, 14, 29551.60, 11459551, 1711
449, 6, 289, 1925, 637, 0, 57.11%, 0, 0, 14, 24487.63, 11569269, 1711
454, 6, 1611, 1927, 631, 0, 57.11%, 0, 0, 14, 24891.90, 11690924, 1711
459, 6, 1523, 1929, 624, 0, 57.11%, 0, 0, 14, 27381.60, 11834710, 1711
464, 6, 1932, 1939, 628, 0, 57.21%, 0, 0, 14, 26785.48, 11969446, 1714
470, 6, 1422, 1940, 628, 0, 57.21%, 0, 0, 14, 26813.44, 12102210, 1714
475, 6, 1310, 1940, 623, 0, 57.21%, 0, 0, 14, 28098.62, 12247444, 1714
480, 6, 1412, 1940, 613, 0, 57.21%, 0, 0, 14, 28304.75, 12390756, 1714
485, 6, 112, 1942, 609, 0, 57.21%, 0, 0, 14, 26941.92, 12525511, 1714
490, 6, 1579, 1943, 604, 0, 57.21%, 0, 0, 14, 27686.14, 12667182, 1714
495, 6, 273, 1944, 597, 0, 57.21%, 0, 0, 14, 26549.56, 12800948, 1714
500, 6, 1713, 1946, 592, 0, 57.21%, 0, 0, 14, 26573.49, 12940817, 1714
505, 7, 1523, 1946, 590, 0, 57.21%, 0, 0, 14, 27222.51, 13082813, 1714
510, 7, 1523, 1947, 586, 0, 57.24%, 0, 0, 14, 27487.20, 13220222, 1715
515, 7, 451, 1949, 579, 0, 57.28%, 0, 0, 14, 27014.00, 13357046, 1716
521, 7, 1786, 1952, 578, 0, 57.28%, 0, 0, 14, 28327.29, 13491072, 1716
526, 7, 1305, 1953, 569, 0, 57.28%, 0, 0, 14, 27908.36, 13628973, 1716
531, 7, 1947, 1956, 569, 0, 57.31%, 0, 0, 14, 26746.34, 13766106, 1717
536, 7, 1062, 1960, 564, 0, 57.31%, 0, 0, 14, 26837.78, 13901851, 1717
541, 7, 1930, 1961, 559, 0, 57.31%, 0, 0, 14, 28118.59, 14045480, 1717
546, 7, 1523, 1963, 554, 0, 57.31%, 0, 0, 14, 27381.70, 14182648, 1717
551, 7, 1523, 1963, 549, 0, 57.31%, 0, 0, 14, 27136.00, 14320217, 1717
556, 7, 1523, 1966, 548, 0, 57.31%, 0, 0, 14, 28138.74, 14461309, 1717
561, 7, 1392, 1966, 545, 0, 57.31%, 0, 0, 14, 27714.14, 14601681, 1717
566, 7, 1523, 1966, 541, 0, 57.31%, 0, 0, 14, 27395.32, 14738584, 1717
572, 8, 1714, 1969, 540, 0, 57.34%, 0, 0, 14, 27152.45, 14880529, 1718
577, 8, 1523, 1969, 534, 0, 57.34%, 0, 0, 14, 27497.76, 15018521, 1718
582, 8, 1930, 1970, 530, 0, 57.34%, 0, 0, 14, 28708.51, 15163951, 1718
587, 8, 1884, 1970, 529, 0, 57.34%, 0, 0, 14, 27293.54, 15303189, 1718
592, 8, 1523, 1973, 526, 0, 57.38%, 0, 0, 14, 27013.58, 15444203, 1719
597, 8, 675, 1974, 517, 0, 57.38%, 0, 0, 14, 27180.41, 15582641, 1719
602, 8, 1898, 1988, 519, 0, 57.44%, 0, 0, 14, 29718.48, 15732676, 1721
607, 8, 461, 1993, 514, 0, 57.44%, 0, 0, 14, 28071.38, 15874534, 1721
613, 8, 1800, 2003, 517, 0, 57.44%, 0, 0, 14, 26451.23, 16005193, 1721
618, 8, 461, 2008, 516, 0, 57.44%, 0, 0, 14, 27014.27, 16141563, 1721
623, 8, 336, 2013, 516, 0, 57.44%, 0, 0, 14, 27058.15, 16284483, 1721
628, 8, 1523, 2018, 517, 0, 57.48%, 0, 0, 14, 26934.62, 16425941, 1722
633, 8, 336, 2020, 515, 0, 57.48%, 0, 0, 14, 25446.98, 16558352, 1722
638, 8, 636, 2025, 514, 0, 57.48%, 0, 0, 14, 27164.45, 16700100, 1722
643, 9, 1412, 2027, 512, 0, 57.48%, 0, 0, 14, 27770.93, 16842068, 1722
648, 9, 1192, 2033, 514, 0, 57.48%, 0, 0, 14, 28295.24, 16981060, 1722
653, 9, 410, 2033, 511, 0, 57.48%, 0, 0, 14, 27696.65, 17124943, 1722
658, 9, 1943, 2033, 508, 0, 57.48%, 0, 0, 14, 24494.51, 17232802, 1722
664, 9, 1312, 2038, 505, 0, 57.48%, 0, 0, 14, 26888.94, 17373221, 1722
669, 9, 1930, 2040, 501, 0, 57.48%, 0, 0, 14, 26591.69, 17513937, 1722
674, 9, 461, 2044, 499, 0, 57.48%, 0, 0, 14, 28116.75, 17657394, 1722
679, 9, 1886, 2045, 498, 0, 57.48%, 0, 0, 14, 28577.96, 17802409, 1722
684, 9, 1928, 2048, 493, 0, 57.48%, 0, 0, 14, 28978.06, 17948870, 1722
689, 9, 1904, 2051, 490, 0, 57.68%, 0, 0, 14, 27880.75, 18091086, 1728
694, 9, 1656, 2052, 487, 0, 57.68%, 0, 0, 14, 27771.51, 18230475, 1728
699, 9, 2052, 2056, 487, 0, 57.71%, 0, 0, 14, 27147.53, 18365462, 1729
704, 9, 112, 2056, 483, 0, 57.71%, 0, 0, 14, 28444.04, 18510492, 1729
709, 10, 1884, 2059, 480, 0, 57.71%, 0, 0, 14, 28555.66, 18654402, 1729
715, 10, 2058, 2065, 482, 0, 57.71%, 0, 0, 14, 23706.69, 18779908, 1729
720, 10, 1523, 2069, 481, 0, 57.71%, 0, 0, 14, 23192.68, 18891754, 1729
725, 10, 1395, 2071, 482, 0, 57.71%, 0, 0, 14, 26995.74, 19031383, 1729
730, 10, 1546, 2074, 478, 0, 57.71%, 0, 0, 14, 28161.28, 19173650, 1729
735, 10, 1791, 2075, 477, 0, 57.71%, 0, 0, 14, 26934.02, 19307232, 1729
740, 10, 1523, 2076, 471, 0, 57.71%, 0, 0, 14, 28761.09, 19455953, 1729
745, 10, 1886, 2078, 470, 0, 57.71%, 0, 0, 14, 27749.44, 19593077, 1729
750, 10, 1928, 2079, 465, 0, 57.74%, 0, 0, 14, 27456.39, 19733283, 1730
755, 10, 2064, 2080, 461, 0, 57.74%, 0, 0, 14, 25994.01, 19868620, 1730
760, 10, 1523, 2080, 461, 0, 57.74%, 0, 0, 14, 28665.41, 20015971, 1730
766, 10, 486, 2082, 461, 0, 57.74%, 0, 0, 14, 29159.13, 20160459, 1730
771, 10, 1040, 2083, 460, 0, 57.74%, 0, 0, 14, 27510.29, 20298939, 1730
776, 10, 884, 2084, 457, 0, 57.74%, 0, 0, 14, 27446.28, 20436950, 1730
781, 10, 1472, 2087, 456, 0, 57.74%, 0, 0, 14, 26197.09, 20572450, 1730
786, 11, 1788, 2088, 453, 0, 57.74%, 0, 0, 14, 26522.66, 20709057, 1730
791, 11, 1943, 2090, 450, 0, 57.78%, 0, 0, 14, 28519.57, 20856370, 1731
796, 11, 1513, 2092, 445, 0, 57.81%, 0, 0, 14, 28182.81, 20999670, 1732
801, 11, 1930, 2093, 445, 0, 57.81%, 0, 0, 14, 27919.21, 21143740, 1732
806, 11, 1847, 2094, 443, 0, 57.88%, 0, 0, 14, 28096.08, 21290442, 1734
811, 11, 1815, 2095, 439, 0, 58.01%, 0, 0, 14, 27076.67, 21425584, 1738
817, 11, 1822, 2098, 435, 0, 58.01%, 0, 0, 14, 27057.92, 21562975, 1738
822, 11, 1876, 2100, 432, 0, 58.01%, 0, 0, 14, 28505.10, 21708158, 1738
827, 11, 2047, 2100, 429, 0, 58.01%, 0, 0, 14, 28598.62, 21853174, 1738
832, 11, 1932, 2100, 429, 0, 58.01%, 0, 0, 14, 27978.46, 21998083, 1738
837, 11, 711, 2102, 424, 0, 58.01%, 0, 0, 14, 27580.85, 22142182, 1738
842, 11, 1420, 2102, 420, 0, 58.01%, 0, 0, 14, 28091.68, 22281078, 1738
847, 11, 1204, 2107, 421, 0, 58.01%, 0, 0, 14, 27230.79, 22416791, 1738
852, 11, 1513, 2109, 421, 0, 58.01%, 0, 0, 14, 27714.46, 22556271, 1738
857, 11, 1848, 2110, 419, 0, 58.01%, 0, 0, 14, 28388.35, 22703953, 1738
862, 12, 63, 2110, 416, 0, 58.01%, 0, 0, 14, 28812.99, 22850254, 1738
868, 12, 1300, 2111, 413, 0, 58.11%, 0, 0, 14, 27526.47, 22988766, 1741
873, 12, 2019, 2112, 407, 0, 58.11%, 0, 0, 14, 27107.56, 23126264, 1741
878, 12, 2114, 2115, 405, 0, 58.11%, 0, 0, 14, 27207.28, 23269676, 1741
883, 12, 1523, 2118, 407, 0, 58.11%, 0, 0, 14, 27821.87, 23407834, 1741
888, 12, 1523, 2121, 409, 0, 58.11%, 0, 0, 14, 28031.33, 23550126, 1741
893, 12, 461, 2121, 408, 0, 58.11%, 0, 0, 14, 26910.86, 23683491, 1741
898, 12, 1955, 2122, 408, 0, 58.11%, 0, 0, 14, 26978.74, 23820599, 1741
903, 12, 1523, 2126, 409, 0, 58.11%, 0, 0, 14, 27008.80, 23960684, 1741
908, 12, 1523, 2127, 409, 0, 58.11%, 0, 0, 14, 27339.97, 24098674, 1741
913, 12, 1296, 2127, 406, 0, 58.11%, 0, 0, 14, 27925.48, 24241571, 1741
918, 12, 1714, 2129, 407, 0, 58.11%, 0, 0, 14, 26843.75, 24373281, 1741
924, 12, 265, 2130, 406, 0, 58.11%, 0, 0, 14, 28323.14, 24517321, 1741
929, 12, 1713, 2131, 402, 0, 58.11%, 0, 0, 14, 28408.30, 24666646, 1741
934, 12, 445, 2132, 403, 0, 58.11%, 0, 0, 14, 27844.63, 24812413, 1741
939, 13, 2047, 2133, 402, 0, 58.11%, 0, 0, 14, 27031.62, 24948703, 1741
944, 13, 461, 2134, 400, 0, 58.11%, 0, 0, 14, 28311.25, 25095200, 1741
949, 13, 1844, 2135, 393, 0, 58.11%, 0, 0, 14, 28305.12, 25238804, 1741
954, 13, 1765, 2140, 393, 0, 58.14%, 0, 0, 14, 27199.71, 25367354, 1742
959, 13, 2064, 2143, 391, 0, 58.14%, 0, 0, 14, 27894.14, 25509374, 1742
964, 13, 2053, 2145, 391, 0, 58.14%, 0, 0, 14, 26428.09, 25642183, 1742
969, 13, 1523, 2146, 388, 0, 58.14%, 0, 0, 14, 25377.37, 25770074, 1742
975, 13, 2081, 2148, 387, 0, 58.14%, 0, 0, 14, 26984.00, 25910905, 1742
980, 13, 999, 2149, 385, 0, 58.14%, 0, 0, 14, 27893.77, 26054380, 1742
985, 13, 2047, 2150, 384, 0, 58.14%, 0, 0, 14, 27397.34, 26193577, 1742
990, 13, 1932, 2151, 383, 0, 58.14%, 0, 0, 14, 27389.77, 26332414, 1742
995, 13, 1305, 2153, 382, 0, 58.18%, 0, 0, 14, 28874.92, 26475733, 1743
1000, 13, 1848, 2155, 382, 0, 58.18%, 0, 0, 14, 28436.90, 26621590, 1743
1005, 13, 1468, 2155, 381, 0, 58.18%, 0, 0, 14, 28237.94, 26767374, 1743
1010, 13, 251, 2156, 382, 0, 58.18%, 0, 0, 14, 28343.86, 26914232, 1743
1015, 13, 1876, 2156, 380, 0, 58.18%, 0, 0, 14, 26293.14, 27048832, 1743
1020, 14, 1966, 2157, 378, 0, 58.18%, 0, 0, 14, 27356.86, 27191364, 1743
1026, 14, 2057, 2159, 378, 0, 58.18%, 0, 0, 14, 27258.70, 27327306, 1743
1031, 14, 1523, 2160, 378, 0, 58.18%, 0, 0, 14, 27287.76, 27465107, 1743
1036, 14, 1915, 2160, 374, 0, 58.18%, 0, 0, 14, 28380.57, 27608217, 1743
1041, 14, 1523, 2161, 372, 0, 58.18%, 0, 0, 14, 29114.43, 27755039, 1743
1046, 14, 1523, 2162, 370, 0, 58.18%, 0, 0, 14, 27370.45, 27892234, 1743
1051, 14, 1412, 2163, 370, 0, 58.18%, 0, 0, 14, 27704.31, 28028310, 1743
1056, 14, 1791, 2163, 368, 0, 58.18%, 0, 0, 14, 28226.39, 28169836, 1743
1061, 14, 1979, 2164, 365, 0, 58.18%, 0, 0, 14, 26089.73, 28297495, 1743
1066, 14, 1876, 2165, 363, 0, 58.18%, 0, 0, 14, 28417.11, 28440549, 1743
1071, 14, 1523, 2165, 360, 0, 58.18%, 0, 0, 14, 28800.12, 28586511, 1743
1076, 14, 1523, 2165, 358, 0, 58.18%, 0, 0, 14, 28345.27, 28728094, 1743
1081, 14, 999, 2165, 357, 0, 58.18%, 0, 0, 14, 28324.24, 28872326, 1743
1086, 14, 1930, 2166, 354, 0, 58.21%, 0, 0, 14, 28605.74, 29017835, 1744
1092, 14, 2165, 2169, 357, 0, 58.21%, 0, 0, 14, 24264.72, 29140597, 1744
1097, 15, 1836, 2169, 355, 0, 58.21%, 0, 0, 14, 26705.90, 29279356, 1744
1102, 15, 1525, 2170, 352, 0, 58.21%, 0, 0, 14, 28042.26, 29425288, 1744
1107, 15, 1523, 2172, 349, 0, 58.21%, 0, 0, 14, 29244.40, 29572874, 1744
1112, 15, 1523, 2175, 350, 0, 58.21%, 0, 0, 14, 26377.19, 29703366, 1744
1117, 15, 280, 2178, 349, 0, 58.21%, 0, 0, 14, 28151.75, 29849246, 1744
1122, 15, 2081, 2178, 348, 0, 58.21%, 0, 0, 14, 29301.14, 30000126, 1744
1127, 15, 2053, 2178, 345, 0, 58.21%, 0, 0, 14, 28725.86, 30142895, 1744
1132, 15, 1523, 2180, 343, 0, 58.21%, 0, 0, 14, 26622.29, 30277323, 1744
1138, 15, 1523, 2182, 344, 0, 58.21%, 0, 0, 14, 26940.93, 30416597, 1744
1143, 15, 2084, 2183, 344, 0, 58.21%, 0, 0, 14, 28085.69, 30560726, 1744
1148, 15, 1523, 2183, 341, 0, 58.21%, 0, 0, 14, 28633.05, 30705176, 1744
1153, 15, 472, 2184, 340, 0, 58.21%, 0, 0, 14, 27163.62, 30839014, 1744
1158, 15, 1714, 2185, 337, 0, 58.21%, 0, 0, 14, 29914.46, 30993269, 1744
1163, 15, 1943, 2186, 335, 0, 58.21%, 0, 0, 14, 28962.03, 31136357, 1744
1168, 15, 336, 2186, 335, 0, 58.21%, 0, 0, 14, 27973.74, 31276809, 1744
1173, 16, 1767, 2188, 333, 0, 58.21%, 0, 0, 14, 28169.73, 31413592, 1744
1178, 16, 1523, 2188, 332, 0, 58.21%, 0, 0, 14, 29336.82, 31563869, 1744
1183, 16, 1523, 2189, 331, 0, 58.21%, 0, 0, 14, 28642.44, 31705326, 1744
1188, 16, 461, 2190, 330, 0, 58.21%, 0, 0, 14, 28306.79, 31847183, 1744
1193, 16, 1930, 2190, 326, 0, 58.21%, 0, 0, 14, 27566.67, 31985907, 1744
1198, 16, 1523, 2190, 326, 0, 58.21%, 0, 0, 14, 27033.61, 32126129, 1744
1203, 16, 1523, 2190, 324, 0, 58.21%, 0, 0, 14, 28992.20, 32275445, 1744
1209, 16, 2190, 2191, 321, 0, 58.24%, 0, 0, 14, 28877.71, 32423836, 1745
1214, 16, 1932, 2192, 321, 0, 58.24%, 0, 0, 14, 26737.15, 32556487, 1745
1219, 16, 1412, 2196, 322, 0, 58.24%, 0, 0, 14, 26587.56, 32691145, 1745
1224, 16, 1943, 2196, 319, 0, 58.24%, 0, 0, 14, 26576.12, 32825266, 1745
1229, 16, 1523, 2197, 318, 0, 58.24%, 0, 0, 14, 26638.87, 32962830, 1745
1234, 16, 2081, 2197, 316, 0, 58.24%, 0, 0, 14, 17422.14, 33094971, 1745
1239, 16, 1765, 2199, 318, 0, 58.24%, 0, 0, 14, 24718.98, 33229342, 1745
1244, 16, 1844, 2199, 317, 0, 58.24%, 0, 0, 14, 26779.56, 33366331, 1745
1250, 16, 1523, 2200, 318, 0, 58.24%, 0, 0, 14, 28098.66, 33509293, 1745
1255, 17, 1118, 2200, 316, 0, 58.24%, 0, 0, 14, 27391.14, 33651025, 1745
1260, 17, 1859, 2202, 314, 0, 58.28%, 0, 0, 14, 27765.36, 33794595, 1746
1265, 17, 1523, 2203, 311, 0, 58.28%, 0, 0, 14, 27654.74, 33934107, 1746
1270, 17, 2039, 2204, 310, 0, 58.28%, 0, 0, 14, 24282.33, 34056570, 1746
1275, 17, 2002, 2206, 310, 0, 58.28%, 0, 0, 14, 25676.94, 34191230, 1746
1280, 17, 1523, 2212, 314, 0, 58.28%, 0, 0, 14, 25232.75, 34322787, 1746
1285, 17, 336, 2215, 316, 0, 58.31%, 0, 0, 16, 22959.28, 34443960, 1747
1291, 17, 451, 2217, 318, 0, 58.31%, 0, 0, 16, 26110.62, 34581720, 1747
1296, 17, 2110, 2219, 320, 0, 58.31%, 0, 0, 16, 27389.79, 34718665, 1747
1301, 17, 1523, 2222, 321, 0, 58.31%, 0, 0, 16, 27334.00, 34857172, 1747
1306, 17, 2053, 2222, 318, 0, 58.31%, 0, 0, 16, 28424.07, 35001585, 1747
1311, 17, 1523, 2225, 318, 0, 58.31%, 0, 0, 16, 25967.58, 35134581, 1747
1316, 17, 1847, 2225, 317, 0, 58.31%, 0, 0, 16, 27857.79, 35277068, 1747
1321, 17, 1791, 2225, 317, 0, 58.31%, 0, 0, 16, 27077.77, 35415579, 1747
1326, 17, 1932, 2226, 316, 0, 58.31%, 0, 0, 16, 28712.68, 35560708, 1747
1331, 17, 2190, 2226, 314, 0, 58.31%, 0, 0, 16, 28718.43, 35706036, 1747
1336, 18, 2033, 2229, 316, 0, 58.31%, 0, 0, 16, 27659.92, 35844958, 1747
1341, 18, 1930, 2231, 315, 0, 58.31%, 0, 0, 16, 28052.99, 35990007, 1747
1346, 18, 2205, 2231, 313, 0, 58.31%, 0, 0, 16, 28399.94, 36134036, 1747
1351, 18, 2053, 2232, 312, 0, 58.31%, 0, 0, 16, 28931.12, 36281432, 1747
1357, 18, 1979, 2232, 311, 0, 58.31%, 0, 0, 16, 29365.17, 36430508, 1747
1362, 18, 1523, 2232, 310, 0, 58.31%, 0, 0, 16, 28283.56, 36574401, 1747
1367, 18, 1521, 2232, 309, 0, 58.31%, 0, 0, 16, 28257.98, 36719343, 1747
1372, 18, 1932, 2232, 309, 0, 58.31%, 0, 0, 16, 27757.29, 36858711, 1747
1377, 18, 112, 2232, 307, 0, 58.31%, 0, 0, 16, 28415.84, 37002318, 1747
1382, 18, 1750, 2232, 302, 0, 58.31%, 0, 0, 16, 27114.55, 37141582, 1747
1387, 18, 2232, 2235, 304, 0, 58.38%, 0, 0, 16, 25098.08, 37273019, 1749
1392, 18, 1932, 2237, 301, 0, 58.41%, 0, 0, 16, 28240.38, 37416545, 1750
1397, 18, 2053, 2238, 300, 0, 58.41%, 0, 0, 16, 28003.76, 37558333, 1750
1402, 18, 1254, 2239, 298, 0, 58.41%, 0, 0, 16, 27518.14, 37695227, 1750
1407, 18, 1884, 2241, 299, 0, 58.41%, 0, 0, 16, 28175.10, 37838346, 1750
1412, 18, 134, 2242, 299, 0, 58.41%, 0, 0, 16, 27202.91, 37976083, 1750
1418, 19, 1420, 2243, 297, 0, 58.41%, 0, 0, 16, 28048.76, 38117077, 1750
1423, 19, 1474, 2243, 295, 0, 58.41%, 0, 0, 16, 27309.79, 38252962, 1750
1428, 19, 1943, 2244, 293, 0, 58.41%, 0, 0, 16, 27913.46, 38393949, 1750
1433, 19, 1523, 2244, 291, 0, 58.41%, 0, 0, 16, 27404.56, 38532511, 1750
1438, 19, 2092, 2247, 291, 0, 58.41%, 0, 0, 16, 27385.50, 38671154, 1750
1443, 19, 1905, 2247, 289, 0, 58.41%, 0, 0, 16, 26763.05, 38804313, 1750
1448, 19, 1930, 2249, 289, 0, 58.41%, 0, 0, 16, 27811.63, 38946115, 1750
1453, 19, 2249, 2252, 288, 0, 58.44%, 0, 0, 16, 26580.06, 39086563, 1751
1458, 19, 895, 2252, 286, 0, 58.44%, 0, 0, 16, 24517.96, 39207643, 1751
1464, 19, 1940, 2254, 286, 0, 58.44%, 0, 0, 16, 25921.62, 39346126, 1751
1469, 19, 1876, 2255, 284, 0, 58.44%, 0, 0, 16, 27423.24, 39485234, 1751
1474, 19, 1930, 2256, 284, 0, 58.44%, 0, 0, 16, 28936.75, 39635427, 1751
1479, 19, 1392, 2256, 283, 0, 58.44%, 0, 0, 16, 27094.93, 39771523, 1751
1484, 19, 1254, 2258, 280, 0, 58.48%, 0, 0, 16, 28770.17, 39916851, 1752
1489, 19, 1472, 2258, 279, 0, 58.48%, 0, 0, 16, 27293.63, 40056626, 1752
1494, 20, 1713, 2261, 280, 0, 58.48%, 0, 0, 16, 27642.92, 40193571, 1752
1499, 20, 2107, 2263, 278, 0, 58.48%, 0, 0, 16, 28650.62, 40308790, 1752
1504, 20, 1876, 2264, 278, 0, 58.48%, 0, 0, 16, 28154.07, 40449946, 1752
1509, 20, 1523, 2265, 278, 0, 58.48%, 0, 0, 16, 26834.35, 40586244, 1752
1515, 20, 1523, 2265, 277, 0, 58.48%, 0, 0, 16, 28612.13, 40733570, 1752
1520, 20, 2152, 2266, 278, 0, 58.48%, 0, 0, 16, 27455.73, 40875326, 1752
1525, 20, 2025, 2266, 274, 0, 58.48%, 0, 0, 16, 27221.73, 41012076, 1752
1530, 20, 1523, 2266, 273, 0, 58.48%, 0, 0, 16, 27487.94, 41154355, 1752
1535, 20, 1523, 2266, 272, 0, 58.48%, 0, 0, 16, 27127.94, 41292865, 1752
1540, 20, 1531, 2267, 273, 0, 58.48%, 0, 0, 16, 26621.60, 41425764, 1752
1545, 20, 1523, 2270, 272, 0, 58.58%, 0, 0, 16, 27615.00, 41570116, 1755
1550, 20, 2202, 2270, 272, 0, 58.58%, 0, 0, 16, 27199.85, 41710245, 1755
1555, 20, 1472, 2270, 271, 0, 58.58%, 0, 0, 16, 27584.24, 41848655, 1755
1560, 20, 2088, 2271, 271, 0, 58.58%, 0, 0, 16, 28117.18, 41990836, 1755
1565, 20, 2233, 2274, 271, 0, 58.64%, 0, 0, 16, 22629.01, 42110529, 1757
1570, 20, 1523, 2275, 270, 0, 58.64%, 0, 0, 16, 26689.89, 42249901, 1757
1576, 21, 1577, 2277, 272, 0, 58.64%, 0, 0, 16, 16678.51, 42367463, 1757
1581, 21, 1744, 2278, 273, 0, 58.64%, 0, 0, 16, 24363.33, 42500737, 1757
1586, 21, 1836, 2278, 271, 0, 58.64%, 0, 0, 16, 25341.96, 42633347, 1757
1591, 21, 1714, 2280, 271, 0, 58.64%, 0, 0, 16, 28012.32, 42774896, 1757
1596, 21, 1876, 2281, 270, 0, 58.64%, 0, 0, 16, 29283.64, 42920797, 1757
1601, 21, 1523, 2284, 269, 0, 58.64%, 0, 0, 16, 28188.91, 43064133, 1757
1606, 21, 1523, 2284, 268, 0, 58.64%, 0, 0, 16, 20620.85, 43187167, 1757
1611, 21, 1420, 2284, 265, 0, 58.64%, 0, 0, 16, 25186.76, 43319939, 1757
1616, 21, 1836, 2285, 265, 0, 58.64%, 0, 0, 16, 26790.33, 43459449, 1757
1621, 21, 1876, 2287, 267, 0, 58.64%, 0, 0, 16, 27184.01, 43597545, 1757
1626, 21, 1171, 2288, 266, 0, 58.64%, 0, 0, 16, 27503.90, 43738628, 1757
1632, 21, 2202, 2289, 266, 0, 58.64%, 0, 0, 16, 25444.35, 43868881, 1757
1637, 21, 2152, 2289, 265, 0, 58.64%, 0, 0, 16, 27174.02, 44008625, 1757
1642, 21, 1836, 2290, 265, 0, 58.64%, 0, 0, 16, 26103.03, 44141903, 1757
1647, 21, 2071, 2291, 266, 0, 58.64%, 0, 0, 16, 27840.87, 44286820, 1757
1652, 21, 1908, 2292, 267, 0, 58.64%, 0, 0, 16, 26916.34, 44420036, 1757
1657, 22, 1523, 2294, 266, 0, 58.64%, 0, 0, 16, 28059.55, 44563265, 1757
1662, 22, 1943, 2295, 267, 0, 58.64%, 0, 0, 16, 27751.57, 44701516, 1757
1667, 22, 1884, 2295, 267, 0, 58.64%, 0, 0, 16, 27472.65, 44842892, 1757
1672, 22, 1472, 2295, 267, 0, 58.64%, 0, 0, 16, 27120.60, 44981220, 1757
1677, 22, 1395, 2296, 263, 0, 58.64%, 0, 0, 16, 27839.66, 45123560, 1757
1683, 22, 1713, 2296, 260, 0, 58.64%, 0, 0, 16, 26891.84, 45258941, 1757
1688, 22, 1523, 2296, 260, 0, 58.64%, 0, 0, 16, 27342.94, 45404453, 1757
1693, 22, 1040, 2296, 258, 0, 58.64%, 0, 0, 16, 28191.21, 45547167, 1757
1698, 22, 2053, 2298, 258, 0, 58.64%, 0, 0, 16, 27212.98, 45684502, 1757
1703, 22, 112, 2298, 256, 0, 58.64%, 0, 0, 16, 27831.56, 45825361, 1757
1708, 22, 1844, 2300, 256, 0, 58.68%, 0, 0, 16, 27452.53, 45965492, 1758
1713, 22, 1714, 2300, 254, 0, 58.68%, 0, 0, 16, 26710.57, 46101434, 1758
1718, 22, 599, 2300, 253, 0, 58.68%, 0, 0, 16, 27856.77, 46242509, 1758
1723, 22, 2050, 2301, 252, 0, 58.68%, 0, 0, 16, 25780.75, 46372174, 1758
1728, 22, 1523, 2302, 252, 0, 58.68%, 0, 0, 16, 26922.03, 46510687, 1758
1733, 23, 1523, 2303, 251, 0, 58.68%, 0, 0, 16, 25438.57, 46639492, 1758
1738, 23, 2253, 2305, 253, 0, 58.68%, 0, 0, 16, 25832.54, 46769240, 1758
1743, 23, 1905, 2307, 255, 0, 58.68%, 0, 0, 16, 26293.13, 46901206, 1758
1749, 23, 711, 2307, 254, 0, 58.68%, 0, 0, 16, 27455.33, 47041664, 1758
1754, 23, 890, 2307, 254, 0, 58.68%, 0, 0, 16, 27350.28, 47180966, 1758
1759, 23, 1472, 2307, 254, 0, 58.68%, 0, 0, 16, 27593.70, 47323052, 1758
1764, 23, 2258, 2307, 252, 0, 58.68%, 0, 0, 16, 26941.69, 47460789, 1758
1769, 23, 1513, 2308, 248, 0, 58.71%, 0, 0, 16, 26838.89, 47599502, 1759
1774, 23, 1523, 2308, 248, 0, 58.71%, 0, 0, 16, 27631.51, 47739830, 1759
1779, 23, 1523, 2308, 248, 0, 58.71%, 0, 0, 16, 27743.62, 47882432, 1759
1784, 23, 1770, 2308, 247, 0, 58.71%, 0, 0, 16, 26311.20, 48014125, 1759
1789, 23, 112, 2308, 246, 0, 58.71%, 0, 0, 16, 25875.19, 48148074, 1759
1794, 23, 1513, 2308, 244, 0, 58.71%, 0, 0, 16, 27108.44, 48284122, 1759
1800, 23, 890, 2309, 245, 0, 58.71%, 0, 0, 16, 27140.35, 48420779, 1759
1805, 23, 1846, 2310, 245, 0, 58.71%, 0, 0, 16, 27671.60, 48559564, 1759
1810, 23, 1846, 2313, 245, 0, 58.74%, 0, 0, 16, 26518.00, 48693631, 1760
1815, 24, 2190, 2314, 244, 0, 58.74%, 0, 0, 16, 26669.37, 48829724, 1760
1820, 24, 307, 2314, 243, 0, 58.74%, 0, 0, 16, 27699.64, 48971592, 1760
1825, 24, 1736, 2315, 242, 0, 58.81%, 0, 0, 16, 25657.94, 49087083, 1762
1830, 24, 675, 2318, 245, 0, 58.81%, 0, 0, 16, 27319.94, 49227501, 1762
1835, 24, 999, 2318, 244, 0, 58.81%, 0, 0, 16, 26899.27, 49362150, 1762
1840, 24, 1884, 2319, 243, 0, 58.81%, 0, 0, 16, 20839.15, 49489180, 1762
1845, 24, 227, 2321, 245, 0, 58.81%, 0, 0, 16, 25406.22, 49622084, 1762
1850, 24, 1932, 2321, 243, 0, 58.81%, 0, 0, 16, 28386.87, 49770503, 1762
1855, 24, 1480, 2321, 242, 0, 58.81%, 0, 0, 16, 28690.73, 49912532, 1762
1861, 24, 794, 2321, 239, 0, 58.81%, 0, 0, 16, 28453.85, 50051857, 1762
1866, 24, 1202, 2323, 238, 0, 58.81%, 0, 0, 16, 27597.82, 50192383, 1762
1871, 24, 1805, 2323, 237, 0, 58.81%, 0, 0, 16, 27099.41, 50334021, 1762
1876, 24, 1979, 2323, 236, 0, 58.81%, 0, 0, 16, 26363.74, 50468353, 1762
1881, 24, 2203, 2323, 234, 0, 58.81%, 0, 0, 16, 26297.72, 50604391, 1762
1886, 24, 2253, 2323, 233, 0, 58.81%, 0, 0, 16, 27008.78, 50745502, 1762
1891, 24, 2053, 2323, 230, 0, 58.81%, 0, 0, 16, 27201.62, 50885102, 1762
1896, 25, 1523, 2323, 229, 0, 58.81%, 0, 0, 16, 28147.93, 51029441, 1762
1901, 25, 458, 2323, 229, 0, 58.81%, 0, 0, 16, 24777.24, 51160925, 1762
1907, 25, 1523, 2324, 229, 0, 58.81%, 0, 0, 16, 26853.33, 51298282, 1762
1912, 25, 2253, 2329, 231, 0, 58.81%, 0, 0, 16, 26658.69, 51431380, 1762
1917, 25, 2053, 2331, 233, 0, 58.81%, 0, 0, 16, 21846.14, 51544606, 1762
1922, 25, 998, 2331, 232, 0, 58.81%, 0, 0, 16, 24304.88, 51676838, 1762
1927, 25, 2331, 2332, 232, 0, 58.81%, 0, 0, 16, 27048.93, 51819155, 1762
1932, 25, 461, 2333, 232, 0, 58.85%, 0, 0, 16, 26752.84, 51957183, 1763
1937, 25, 2331, 2333, 231, 0, 58.85%, 0, 0, 16, 25360.19, 52074059, 1763
1942, 25, 1171, 2333, 230, 0, 58.85%, 0, 0, 16, 26297.69, 52212058, 1763
1947, 25, 2129, 2333, 230, 0, 58.85%, 0, 0, 16, 26127.72, 52345707, 1763
1953, 25, 2331, 2333, 229, 0, 58.85%, 0, 0, 16, 27832.85, 52490597, 1763
1958, 25, 1928, 2333, 229, 0, 58.85%, 0, 0, 16, 27420.62, 52629478, 1763
1963, 25, 567, 2333, 229, 0, 58.85%, 0, 0, 16, 26954.45, 52764650, 1763
1968, 25, 867, 2336, 231, 0, 58.85%, 0, 0, 16, 26171.94, 52897104, 1763
1973, 25, 461, 2336, 230, 0, 58.85%, 0, 0, 16, 27708.67, 53040443, 1763
1978, 25, 1932, 2336, 230, 0, 58.85%, 0, 0, 16, 27804.36, 53184577, 1763
1983, 26, 1884, 2337, 229, 0, 58.85%, 0, 0, 16, 26450.14, 53318372, 1763
1988, 26, 794, 2338, 229, 0, 58.85%, 0, 0, 16, 25500.04, 53448499, 1763
1993, 26, 1422, 2338, 227, 0, 58.85%, 0, 0, 16, 27359.58, 53586684, 1763
1998, 26, 2331, 2338, 227, 0, 58.85%, 0, 0, 16, 27874.07, 53731343, 1763
2004, 26, 1523, 2339, 226, 0, 58.85%, 0, 0, 16, 27885.58, 53874637, 1763
2009, 26, 1523, 2339, 224, 0, 58.85%, 0, 0, 16, 27248.37, 54012630, 1763
2014, 26, 1930, 2341, 225, 0, 58.85%, 0, 0, 16, 27245.50, 54150656, 1763
2019, 26, 2331, 2342, 223, 0, 58.85%, 0, 0, 16, 27824.12, 54294174, 1763
2024, 26, 1395, 2342, 222, 0, 58.85%, 0, 0, 16, 27843.76, 54432904, 1763
2029, 26, 2195, 2342, 219, 0, 58.85%, 0, 0, 16, 26788.10, 54568444, 1763
2034, 26, 1523, 2343, 220, 0, 58.85%, 0, 0, 16, 26820.36, 54705626, 1763
2039, 26, 1491, 2344, 221, 0, 58.85%, 0, 0, 16, 27852.31, 54844828, 1763
2044, 26, 2331, 2344, 221, 0, 58.85%, 0, 0, 16, 28329.79, 54989252, 1763
2049, 26, 461, 2344, 221, 0, 58.85%, 0, 0, 16, 28273.51, 55131534, 1763
2054, 26, 2129, 2344, 220, 0, 58.85%, 0, 0, 16, 28378.61, 55272193, 1763
2059, 26, 1930, 2345, 220, 0, 58.85%, 0, 0, 16, 28025.09, 55411828, 1763
2065, 27, 2190, 2345, 219, 0, 58.85%, 0, 0, 16, 26981.44, 55548030, 1763
2070, 27, 1523, 2345, 218, 0, 58.85%, 0, 0, 16, 26729.64, 55683794, 1763
2075, 27, 2345, 2348, 219, 0, 58.85%, 0, 0, 16, 25698.27, 55819286, 1763
2080, 27, 461, 2350, 220, 0, 58.85%, 0, 0, 16, 25098.03, 55955913, 1763
2085, 27, 1523, 2350, 219, 0, 58.85%, 0, 0, 16, 26191.40, 56090956, 1763
2090, 27, 1300, 2351, 218, 0, 58.88%, 0, 0, 16, 26791.42, 56223577, 1764
2095, 27, 461, 2354, 219, 0, 58.88%, 0, 0, 16, 22431.33, 56336414, 1764
2100, 27, 2270, 2354, 219, 0, 58.88%, 0, 0, 16, 26428.19, 56471207, 1764
2105, 27, 2331, 2355, 218, 0, 58.88%, 0, 0, 16, 27406.66, 56608477, 1764
2110, 27, 2064, 2356, 218, 0, 58.88%, 0, 0, 16, 26816.27, 56743628, 1764
2115, 27, 1932, 2356, 218, 0, 58.88%, 0, 0, 16, 26254.78, 56876567, 1764
2120, 27, 1714, 2356, 217, 0, 58.88%, 0, 0, 16, 26991.64, 57015149, 1764
2125, 27, 2351, 2361, 220, 0, 59.05%, 0, 0, 16, 21151.85, 57124153, 1769
2130, 27, 2190, 2361, 218, 0, 59.05%, 0, 0, 16, 26638.87, 57266953, 1769
2136, 27, 1300, 2362, 217, 0, 59.05%, 0, 0, 16, 27784.76, 57406474, 1769
2141, 27, 1392, 2363, 217, 0, 59.08%, 0, 0, 16, 24560.50, 57524732, 1770
2146, 27, 2053, 2363, 217, 0, 59.08%, 0, 0, 16, 27314.62, 57663811, 1770
2151, 28, 2047, 2364, 217, 0, 59.08%, 0, 0, 16, 27161.26, 57800603, 1770
2156, 28, 1491, 2364, 216, 0, 59.08%, 0, 0, 16, 28402.64, 57946614, 1770
2161, 28, 1750, 2365, 217, 0, 59.08%, 0, 0, 16, 27976.62, 58081447, 1770
2166, 28, 1884, 2366, 217, 0, 59.08%, 0, 0, 16, 23218.19, 58190998, 1770
2171, 28, 1899, 2367, 217, 0, 59.08%, 0, 0, 16, 26480.85, 58328633, 1770
2176, 28, 1713, 2367, 216, 0, 59.08%, 0, 0, 16, 28885.29, 58473292, 1770
2181, 28, 2367, 2368, 215, 0, 59.11%, 0, 0, 16, 24985.93, 58598627, 1771
2187, 28, 2367, 2368, 215, 0, 59.11%, 0, 0, 16, 24616.86, 58722442, 1771
2192, 28, 1181, 2368, 215, 0, 59.11%, 0, 0, 16, 24988.43, 58850386, 1771
2197, 28, 1468, 2368, 215, 0, 59.11%, 0, 0, 16, 24888.78, 58978101, 1771
2202, 28, 2367, 2368, 215, 0, 59.11%, 0, 0, 16, 25463.22, 59111146, 1771
2207, 28, 2367, 2368, 215, 0, 59.11%, 0, 0, 16, 23724.48, 59228765, 1771
2212, 28, 2367, 2368, 215, 0, 59.11%, 0, 0, 16, 24404.60, 59352640, 1771
2217, 28, 2367, 2368, 215, 0, 59.11%, 0, 0, 16, 25031.11, 59481985, 1771
2222, 28, 2367, 2368, 215, 0, 59.11%, 0, 0, 16, 24730.92, 59609145, 1771
2228, 28, 2367, 2368, 215, 0, 59.11%, 0, 0, 16, 24229.66, 59733619, 1771
2233, 28, 1468, 2368, 215, 0, 59.11%, 0, 0, 16, 24373.54, 59858254, 1771
2238, 28, 2367, 2368, 215, 0, 59.11%, 0, 0, 16, 25906.09, 59992805, 1771
2243, 28, 884, 2368, 215, 0, 59.11%, 0, 0, 16, 23935.31, 60116907, 1771
2248, 28, 2367, 2368, 215, 0, 59.11%, 0, 0, 16, 23770.28, 60243337, 1771
2253, 28, 2166, 2368, 215, 0, 59.11%, 0, 0, 16, 1091.77, 60353977, 1771
2258, 28, 1204, 2368, 214, 0, 59.11%, 0, 0, 16, 25334.01, 60476475, 1771
2264, 28, 1590, 2368, 213, 0, 59.11%, 0, 0, 16, 25965.17, 60607633, 1771
2269, 28, 2110, 2368, 213, 0, 59.11%, 0, 0, 16, 27344.61, 60747254, 1771
2274, 28, 1893, 2368, 213, 0, 59.11%, 0, 0, 16, 26624.92, 60884697, 1771
2279, 28, 1241, 2368, 213, 0, 59.11%, 0, 0, 16, 27754.88, 61027046, 1771
2284, 28, 112, 2370, 215, 0, 59.11%, 0, 0, 16, 25607.28, 61155409, 1771
2289, 29, 1472, 2370, 214, 0, 59.11%, 0, 0, 16, 26531.85, 61292389, 1771
2294, 29, 1979, 2370, 212, 0, 59.11%, 0, 0, 16, 27539.37, 61434152, 1771
2299, 29, 2212, 2371, 212, 0, 59.11%, 0, 0, 16, 25825.81, 61567941, 1771
2304, 29, 2332, 2371, 211, 0, 59.11%, 0, 0, 16, 27541.46, 61710246, 1771
2309, 29, 1523, 2372, 212, 0, 59.11%, 0, 0, 16, 26621.83, 61842402, 1771
2315, 29, 1979, 2372, 211, 0, 59.11%, 0, 0, 16, 27397.64, 61982410, 1771
2320, 29, 1930, 2372, 211, 0, 59.11%, 0, 0, 16, 27070.31, 62118384, 1771
2325, 29, 1523, 2372, 211, 0, 59.11%, 0, 0, 16, 27680.18, 62259953, 1771
2330, 29, 363, 2372, 211, 0, 59.11%, 0, 0, 16, 27819.81, 62401167, 1771
2335, 29, 2367, 2372, 208, 0, 59.11%, 0, 0, 16, 5426.98, 62521621, 1771
2340, 29, 2221, 2373, 208, 0, 59.11%, 0, 0, 16, 26852.69, 62656464, 1771
2345, 29, 2373, 2376, 210, 0, 59.11%, 0, 0, 16, 22848.90, 62766120, 1771
2350, 29, 2050, 2377, 210, 0, 59.11%, 0, 0, 16, 25172.72, 62894014, 1771
2355, 29, 1930, 2378, 211, 0, 59.11%, 0, 0, 16, 27163.94, 63032375, 1771
2360, 29, 2129, 2378, 210, 0, 59.11%, 0, 0, 16, 28365.59, 63173043, 1771
2365, 29, 1183, 2379, 211, 0, 59.11%, 0, 0, 16, 26181.57, 63302705, 1771
2370, 29, 400, 2381, 211, 0, 59.11%, 0, 0, 16, 26605.21, 63442408, 1771
2376, 29, 2331, 2383, 212, 0, 59.11%, 0, 0, 16, 26430.37, 63576250, 1771
2381, 30, 999, 2384, 211, 0, 59.11%, 0, 0, 16, 25775.24, 63706584, 1771
2386, 30, 1788, 2385, 210, 0, 59.11%, 0, 0, 16, 25556.99, 63837707, 1771
2391, 30, 1533, 2386, 210, 0, 59.11%, 0, 0, 16, 26122.35, 63970853, 1771
2396, 30, 1472, 2386, 208, 0, 59.11%, 0, 0, 16, 25400.98, 64100705, 1771
2401, 30, 1943, 2386, 207, 0, 59.11%, 0, 0, 16, 27164.81, 64238146, 1771
2406, 30, 500, 2386, 207, 0, 59.11%, 0, 0, 16, 27336.49, 64377472, 1771
2411, 30, 1899, 2386, 206, 0, 59.11%, 0, 0, 16, 27869.97, 64518279, 1771
2416, 30, 1305, 2386, 206, 0, 59.11%, 0, 0, 16, 27714.98, 64661659, 1771
2421, 30, 1323, 2386, 205, 0, 59.11%, 0, 0, 16, 27117.76, 64798082, 1771
2426, 30, 1521, 2386, 204, 0, 59.11%, 0, 0, 16, 26395.60, 64931884, 1771
2432, 30, 1523, 2387, 205, 0, 59.11%, 0, 0, 16, 26945.24, 65069316, 1771
2437, 30, 2367, 2387, 202, 0, 59.11%, 0, 0, 16, 27329.50, 65208917, 1771
2442, 30, 445, 2387, 201, 0, 59.11%, 0, 0, 16, 26958.51, 65345934, 1771
2447, 30, 280, 2387, 200, 0, 59.11%, 0, 0, 16, 26809.02, 65481374, 1771
2452, 30, 2047, 2387, 198, 0, 59.11%, 0, 0, 16, 26594.40, 65616032, 1771
2457, 30, 2002, 2387, 193, 0, 59.11%, 0, 0, 16, 25624.31, 65744235, 1771
2462, 30, 1305, 2388, 194, 0, 59.11%, 0, 0, 16, 26842.44, 65881349, 1771
2467, 30, 2053, 2388, 191, 0, 59.11%, 0, 0, 16, 27457.55, 66021113, 1771
2472, 31, 1422, 2388, 191, 0, 59.11%, 0, 0, 16, 27423.53, 66159760, 1771
2477, 31, 1523, 2388, 190, 0, 59.11%, 0, 0, 16, 26993.99, 66296193, 1771
2483, 31, 139, 2388, 190, 0, 59.11%, 0, 0, 16, 26728.99, 66433831, 1771
2488, 31, 1713, 2388, 189, 0, 59.11%, 0, 0, 16, 27654.23, 66574227, 1771
2493, 31, 1590, 2388, 189, 0, 59.11%, 0, 0, 16, 27289.62, 66712119, 1771
2498, 31, 2373, 2389, 189, 0, 59.11%, 0, 0, 16, 26951.80, 66849629, 1771
2503, 31, 2081, 2390, 188, 0, 59.15%, 0, 0, 16, 25486.32, 66979034, 1772
2508, 31, 1932, 2390, 188, 0, 59.15%, 0, 0, 16, 25311.02, 67106424, 1772
2513, 31, 2081, 2390, 187, 0, 59.15%, 0, 0, 16, 25598.25, 67238027, 1772
2518, 31, 1930, 2390, 186, 0, 59.15%, 0, 0, 16, 27026.33, 67377382, 1772
2523, 31, 343, 2390, 186, 0, 59.15%, 0, 0, 16, 26331.91, 67514695, 1772
2528, 31, 2331, 2390, 186, 0, 59.15%, 0, 0, 16, 26684.14, 67651212, 1772
2533, 31, 227, 2391, 187, 0, 59.15%, 0, 0, 16, 24876.57, 67778771, 1772
2538, 31, 336, 2391, 187, 0, 59.15%, 0, 0, 16, 25302.48, 67908914, 1772
2544, 31, 1523, 2391, 187, 0, 59.15%, 0, 0, 16, 25253.21, 68037778, 1772
2549, 31, 1523, 2391, 187, 0, 59.15%, 0, 0, 16, 25410.13, 68166084, 1772
2554, 32, 2052, 2391, 187, 0, 59.15%, 0, 0, 16, 26654.58, 68300418, 1772
2559, 32, 2361, 2392, 188, 0, 59.15%, 0, 0, 16, 25987.25, 68430485, 1772
2564, 32, 1969, 2393, 188, 0, 59.15%, 0, 0, 16, 25963.88, 68564660, 1772
2569, 32, 1884, 2394, 189, 0, 59.15%, 0, 0, 16, 26516.38, 68698991, 1772
2574, 32, 1523, 2397, 192, 0, 59.15%, 0, 0, 16, 22676.20, 68814343, 1772
2579, 32, 1523, 2397, 192, 0, 59.15%, 0, 0, 16, 25747.30, 68946512, 1772
2584, 32, 2367, 2397, 192, 0, 59.15%, 0, 0, 16, 25905.23, 69077523, 1772
2589, 32, 2274, 2397, 191, 0, 59.15%, 0, 0, 16, 26843.74, 69214455, 1772
2595, 32, 2081, 2398, 191, 0, 59.15%, 0, 0, 16, 26088.82, 69346353, 1772
2600, 32, 1884, 2399, 192, 0, 59.15%, 0, 0, 16, 28490.63, 69493307, 1772
2605, 32, 2081, 2399, 190, 0, 59.15%, 0, 0, 16, 25536.63, 69621450, 1772
2610, 32, 1523, 2399, 189, 0, 59.15%, 0, 0, 16, 25421.07, 69752454, 1772
2615, 32, 1474, 2402, 191, 0, 59.15%, 0, 0, 16, 29002.01, 69872820, 1772
2620, 32, 2367, 2403, 192, 0, 59.15%, 0, 0, 16, 27119.09, 70006840, 1772
2625, 32, 1166, 2404, 192, 0, 59.15%, 0, 0, 16, 27144.02, 70142356, 1772
2630, 32, 1943, 2406, 193, 0, 59.15%, 0, 0, 16, 25541.69, 70269022, 1772
2635, 32, 2367, 2407, 193, 0, 59.15%, 0, 0, 16, 25194.75, 70397803, 1772
2640, 32, 1930, 2407, 191, 0, 59.15%, 0, 0, 16, 25319.50, 70527836, 1772
2646, 33, 1539, 2407, 191, 0, 59.15%, 0, 0, 16, 25343.40, 70657123, 1772
2651, 33, 1876, 2407, 190, 0, 59.15%, 0, 0, 16, 26205.77, 70789211, 1772
2656, 33, 2331, 2408, 191, 0, 59.15%, 0, 0, 16, 26972.47, 70925034, 1772
2661, 33, 2367, 2408, 190, 0, 59.15%, 0, 0, 16, 26605.71, 71060737, 1772
2666, 33, 929, 2409, 188, 0, 59.15%, 0, 0, 16, 26464.36, 71198508, 1772
2671, 33, 1152, 2409, 188, 0, 59.15%, 0, 0, 16, 26696.14, 71328982, 1772
2676, 33, 2253, 2409, 187, 0, 59.15%, 0, 0, 16, 27986.23, 71474054, 1772
2681, 33, 1876, 2411, 188, 0, 59.18%, 0, 0, 16, 26208.19, 71607531, 1773
2686, 33, 1876, 2413, 190, 0, 59.18%, 0, 0, 16, 25950.22, 71739147, 1773
2691, 33, 1523, 2413, 189, 0, 59.18%, 0, 0, 16, 27487.43, 71878065, 1773
2697, 33, 1714, 2415, 188, 0, 59.18%, 0, 0, 16, 26377.25, 72014751, 1773
2702, 33, 1523, 2415, 188, 0, 59.18%, 0, 0, 16, 22993.36, 72133758, 1773
2707, 33, 1884, 2415, 187, 0, 59.18%, 0, 0, 16, 23681.04, 72256537, 1773
2712, 33, 2025, 2416, 188, 0, 59.18%, 0, 0, 16, 23284.90, 72379308, 1773
2717, 33, 1468, 2416, 187, 0, 59.18%, 0, 0, 16, 26925.85, 72517392, 1773
2722, 33, 1943, 2416, 186, 0, 59.18%, 0, 0, 16, 26972.59, 72654568, 1773
2727, 33, 1847, 2416, 185, 0, 59.18%, 0, 0, 16, 27730.91, 72796098, 1773
2732, 34, 336, 2416, 185, 0, 59.18%, 0, 0, 16, 27670.07, 72933169, 1773
2737, 34, 2367, 2417, 185, 0, 59.21%, 0, 0, 16, 25753.19, 73062381, 1774
2742, 34, 884, 2418, 186, 0, 59.21%, 0, 0, 16, 26150.29, 73198068, 1774
2748, 34, 2129, 2419, 186, 0, 59.21%, 0, 0, 16, 24356.11, 73321442, 1774
2753, 34, 567, 2419, 185, 0, 59.21%, 0, 0, 16, 25384.26, 73450151, 1774
2758, 34, 1523, 2419, 184, 0, 59.21%, 0, 0, 16, 27340.97, 73589160, 1774
2763, 34, 276, 2421, 186, 0, 59.21%, 0, 0, 16, 27013.16, 73723207, 1774
2768, 34, 1932, 2421, 186, 0, 59.21%, 0, 0, 16, 26324.65, 73858249, 1774
2773, 34, 1932, 2422, 187, 0, 59.21%, 0, 0, 16, 26762.41, 73996937, 1774
2778, 34, 1884, 2423, 187, 0, 59.21%, 0, 0, 16, 28071.29, 74139266, 1774
2783, 34, 461, 2424, 187, 0, 59.21%, 0, 0, 16, 27819.98, 74277297, 1774
2788, 34, 2053, 2424, 186, 0, 59.21%, 0, 0, 16, 26902.56, 74412153, 1774
2793, 34, 2081, 2424, 186, 0, 59.21%, 0, 0, 16, 25960.75, 74542441, 1774
2798, 34, 1192, 2424, 185, 0, 59.21%, 0, 0, 16, 26472.57, 74679198, 1774
2803, 34, 445, 2424, 183, 0, 59.21%, 0, 0, 16, 26865.89, 74817224, 1774
2808, 34, 1523, 2424, 182, 0, 59.21%, 0, 0, 16, 27707.38, 74960492, 1774
2814, 34, 1472, 2425, 182, 0, 59.21%, 0, 0, 16, 27428.44, 75100596, 1774
2819, 35, 1577, 2425, 182, 0, 59.21%, 0, 0, 16, 27326.86, 75235905, 1774
2824, 35, 1033, 2425, 182, 0, 59.21%, 0, 0, 16, 26741.61, 75371987, 1774
2829, 35, 1861, 2426, 182, 0, 59.21%, 0, 0, 16, 26743.05, 75509120, 1774
2834, 35, 1285, 2426, 182, 0, 59.21%, 0, 0, 16, 27620.47, 75649718, 1774
2839, 35, 2331, 2426, 181, 0, 59.21%, 0, 0, 16, 26040.93, 75781756, 1774
2844, 35, 2426, 2428, 182, 0, 59.21%, 0, 0, 16, 23727.34, 75903729, 1774
2849, 35, 1930, 2428, 179, 0, 59.21%, 0, 0, 16, 24300.80, 76033024, 1774
2854, 35, 2253, 2428, 179, 0, 59.21%, 0, 0, 16, 23338.98, 76150236, 1774
2859, 35, 1928, 2428, 179, 0, 59.21%, 0, 0, 16, 23714.53, 76272321, 1774
2865, 35, 1523, 2429, 180, 0, 59.21%, 0, 0, 16, 25153.92, 76395976, 1774
2870, 35, 1533, 2429, 180, 0, 59.21%, 0, 0, 16, 26928.00, 76532574, 1774
2875, 35, 2253, 2429, 179, 0, 59.21%, 0, 0, 16, 26581.00, 76668543, 1774
2880, 35, 2331, 2431, 179, 0, 59.21%, 0, 0, 16, 26298.99, 76802141, 1774
2885, 35, 2202, 2431, 179, 0, 59.21%, 0, 0, 16, 26016.20, 76935777, 1774
2890, 35, 1932, 2432, 179, 0, 59.21%, 0, 0, 16, 24934.27, 77052180, 1774
2895, 35, 2367, 2433, 179, 0, 59.21%, 0, 0, 16, 26472.86, 77189867, 1774
2900, 35, 1767, 2433, 179, 0, 59.21%, 0, 0, 16, 26226.11, 77322998, 1774
2905, 35, 2253, 2434, 178, 0, 59.21%, 0, 0, 16, 27835.15, 77464555, 1774
2910, 35, 1138, 2434, 178, 0, 59.21%, 0, 0, 16, 27620.64, 77605014, 1774
2915, 36, 1420, 2435, 177, 0, 59.21%, 0, 0, 16, 25495.44, 77734381, 1774
2920, 36, 2251, 2435, 175, 0, 59.21%, 0, 0, 16, 26341.71, 77872455, 1774
2925, 36, 1523, 2435, 175, 0, 59.21%, 0, 0, 16, 27142.52, 78011879, 1774
2931, 36, 1767, 2435, 175, 0, 59.21%, 0, 0, 16, 26008.90, 78143613, 1774
2936, 36, 1750, 2435, 174, 0, 59.21%, 0, 0, 16, 26743.47, 78279560, 1774
2941, 36, 1523, 2435, 173, 0, 59.21%, 0, 0, 16, 25560.46, 78409456, 1774
2946, 36, 1523, 2435, 171, 0, 59.21%, 0, 0, 16, 26272.96, 78542894, 1774
2951, 36, 461, 2435, 171, 0, 59.21%, 0, 0, 16, 27108.82, 78682124, 1774
2956, 36, 2084, 2435, 170, 0, 59.21%, 0, 0, 16, 26274.06, 78818640, 1774
2961, 36, 1750, 2436, 171, 0, 59.21%, 0, 0, 16, 25492.35, 78949502, 1774
2966, 36, 2427, 2437, 171, 0, 59.21%, 0, 0, 16, 26911.32, 79088349, 1774
2971, 36, 2367, 2437, 170, 0, 59.21%, 0, 0, 16, 26489.20, 79223063, 1774
2976, 36, 1523, 2437, 170, 0, 59.21%, 0, 0, 16, 27423.22, 79363078, 1774
2982, 36, 2253, 2437, 170, 0, 59.21%, 0, 0, 16, 27278.79, 79500075, 1774
2987, 36, 1791, 2437, 168, 0, 59.21%, 0, 0, 16, 27055.37, 79632617, 1774
2992, 36, 2081, 2437, 166, 0, 59.21%, 0, 0, 16, 26553.60, 79765305, 1774
2997, 36, 2050, 2437, 165, 0, 59.21%, 0, 0, 16, 27756.04, 79903495, 1774
3002, 36, 1930, 2438, 165, 0, 59.21%, 0, 0, 16, 26733.28, 80041711, 1774
3007, 37, 2331, 2439, 165, 0, 59.25%, 0, 0, 16, 24756.85, 80170568, 1775
3012, 37, 1713, 2439, 162, 0, 59.25%, 0, 0, 16, 25921.89, 80305248, 1775
3017, 37, 2331, 2439, 162, 0, 59.25%, 0, 0, 16, 26946.43, 80443501, 1775
3022, 37, 1876, 2439, 161, 0, 59.25%, 0, 0, 16, 27433.14, 80582694, 1775
3027, 37, 461, 2439, 161, 0, 59.25%, 0, 0, 16, 25633.34, 80705049, 1775
3033, 37, 2241, 2439, 160, 0, 59.25%, 0, 0, 16, 26527.03, 80840275, 1775
3038, 37, 1523, 2439, 160, 0, 59.25%, 0, 0, 16, 26845.50, 80979615, 1775
3043, 37, 1750, 2439, 160, 0, 59.25%, 0, 0, 16, 26926.98, 81117673, 1775
3048, 37, 1969, 2439, 160, 0, 59.25%, 0, 0, 16, 26640.49, 81254598, 1775
3053, 37, 1932, 2439, 159, 0, 59.25%, 0, 0, 16, 26177.82, 81388168, 1775
3058, 37, 2427, 2439, 157, 0, 59.25%, 0, 0, 16, 27550.45, 81527075, 1775
3063, 37, 1979, 2439, 156, 0, 59.25%, 0, 0, 16, 26761.11, 81658669, 1775
3068, 37, 794, 2440, 154, 0, 59.25%, 0, 0, 16, 26260.62, 81790976, 1775
3073, 37, 1930, 2440, 154, 0, 59.25%, 0, 0, 16, 28447.54, 81936382, 1775
3078, 37, 1523, 2440, 154, 0, 59.25%, 0, 0, 16, 26698.20, 82072649, 1775
3083, 37, 1523, 2440, 153, 0, 59.25%, 0, 0, 16, 28650.08, 82218080, 1775
3089, 38, 461, 2442, 154, 0, 59.25%, 0, 0, 16, 26701.13, 82352166, 1775
3094, 38, 1750, 2442, 153, 0, 59.25%, 0, 0, 16, 27454.76, 82489226, 1775
3099, 38, 461, 2444, 154, 0, 59.25%, 0, 0, 16, 26261.61, 82621409, 1775
3104, 38, 1884, 2445, 154, 0, 59.25%, 0, 0, 16, 26496.73, 82754113, 1775
3109, 38, 1296, 2447, 156, 0, 59.25%, 0, 0, 16, 26178.25, 82888951, 1775
3114, 38, 336, 2448, 155, 0, 59.25%, 0, 0, 16, 28076.83, 83031194, 1775
3119, 38, 2311, 2448, 155, 0, 59.25%, 0, 0, 16, 26722.84, 83165651, 1775
3124, 38, 2331, 2448, 154, 0, 59.25%, 0, 0, 16, 28422.14, 83308948, 1775
3129, 38, 1523, 2448, 154, 0, 59.25%, 0, 0, 16, 27063.42, 83445978, 1775
3134, 38, 1523, 2448, 153, 0, 59.25%, 0, 0, 16, 26422.19, 83581566, 1775
3139, 38, 2367, 2449, 154, 0, 59.25%, 0, 0, 16, 25849.06, 83714365, 1775
3145, 38, 2447, 2450, 154, 0, 59.25%, 0, 0, 16, 22990.81, 83839226, 1775
3150, 38, 2427, 2450, 154, 0, 59.25%, 0, 0, 16, 25088.01, 83969957, 1775
3155, 38, 2202, 2450, 153, 0, 59.25%, 0, 0, 16, 27529.74, 84110688, 1775
3160, 38, 2047, 2451, 153, 0, 59.25%, 0, 0, 16, 27296.99, 84248253, 1775
3165, 38, 1000, 2452, 154, 0, 59.25%, 0, 0, 16, 25976.97, 84380027, 1775
3170, 38, 2233, 2454, 155, 0, 59.25%, 0, 0, 16, 26370.05, 84516358, 1775
3175, 38, 2331, 2455, 156, 0, 59.25%, 0, 0, 16, 26820.36, 84653128, 1775
3180, 39, 1474, 2455, 156, 0, 59.25%, 0, 0, 16, 27428.70, 84790705, 1775
3185, 39, 999, 2456, 155, 0, 59.25%, 0, 0, 16, 27820.05, 84931187, 1775
3190, 39, 2081, 2456, 155, 0, 59.25%, 0, 0, 16, 27553.28, 85073172, 1775
3195, 39, 1523, 2457, 156, 0, 59.25%, 0, 0, 16, 27959.05, 85211459, 1775
3200, 39, 303, 2457, 156, 0, 59.25%, 0, 0, 16, 26997.10, 85348805, 1775
3206, 39, 360, 2457, 155, 0, 59.25%, 0, 0, 16, 27182.43, 85488327, 1775
3211, 39, 1523, 2457, 155, 0, 59.25%, 0, 0, 16, 27237.93, 85627281, 1775
3216, 39, 2367, 2458, 155, 0, 59.25%, 0, 0, 16, 28263.22, 85771914, 1775
3221, 39, 2367, 2458, 155, 0, 59.25%, 0, 0, 16, 26997.46, 85906304, 1775
3226, 39, 2331, 2458, 155, 0, 59.25%, 0, 0, 16, 27542.11, 86046532, 1775
3231, 39, 711, 2459, 156, 0, 59.25%, 0, 0, 16, 25866.01, 86176537, 1775
3236, 39, 1979, 2459, 156, 0, 59.25%, 0, 0, 16, 26123.10, 86312244, 1775
3241, 39, 1930, 2459, 156, 0, 59.25%, 0, 0, 16, 26918.22, 86451892, 1775
3246, 39, 1899, 2459, 156, 0, 59.25%, 0, 0, 16, 27901.10, 86595245, 1775
3251, 39, 1876, 2459, 155, 0, 59.25%, 0, 0, 16, 27313.53, 86733507, 1775
3256, 39, 1586, 2459, 155, 0, 59.25%, 0, 0, 16, 27376.79, 86874522, 1775
3261, 39, 1105, 2459, 155, 0, 59.25%, 0, 0, 16, 26830.08, 87010338, 1775
3266, 40, 1899, 2460, 156, 0, 59.25%, 0, 0, 16, 27466.71, 87149323, 1775
3272, 40, 2110, 2460, 156, 0, 59.25%, 0, 0, 16, 27724.28, 87286728, 1775
3277, 40, 1181, 2460, 156, 0, 59.25%, 0, 0, 16, 27523.78, 87424846, 1775
3282, 40, 2367, 2460, 156, 0, 59.25%, 0, 0, 16, 27272.99, 87564669, 1775
3287, 40, 1643, 2460, 155, 0, 59.25%, 0, 0, 16, 26117.38, 87701056, 1775
3292, 40, 2213, 2460, 154, 0, 59.25%, 0, 0, 16, 26901.47, 87838856, 1775
3297, 40, 1183, 2462, 155, 0, 59.25%, 0, 0, 16, 25615.17, 87969100, 1775
3302, 40, 1947, 2462, 155, 0, 59.25%, 0, 0, 16, 25661.90, 88100845, 1775
3307, 40, 2072, 2462, 153, 0, 59.25%, 0, 0, 16, 4249.55, 88218654, 1775
3312, 40, 1836, 2462, 152, 0, 59.25%, 0, 0, 16, 23319.54, 88354030, 1775
3317, 40, 1979, 2462, 152, 0, 59.25%, 0, 0, 16, 27167.06, 88495205, 1775
3322, 40, 1905, 2462, 152, 0, 59.25%, 0, 0, 16, 28488.10, 88639012, 1775
3328, 40, 1899, 2462, 152, 0, 59.25%, 0, 0, 16, 28144.85, 88779879, 1775
3333, 40, 711, 2465, 151, 0, 59.25%, 0, 0, 16, 27271.78, 88916583, 1775
3338, 40, 2153, 2465, 150, 0, 59.25%, 0, 0, 16, 27372.04, 89053090, 1775
3343, 40, 2462, 2468, 152, 0, 59.25%, 0, 0, 16, 4968.38, 89173504, 1775
3348, 40, 461, 2468, 152, 0, 59.25%, 0, 0, 16, 23266.81, 89309206, 1775
3353, 40, 2195, 2469, 152, 0, 59.25%, 0, 0, 16, 26281.71, 89447578, 1775
3358, 41, 1830, 2469, 152, 0, 59.25%, 0, 0, 16, 25942.27, 89577992, 1775
3363, 41, 1846, 2469, 152, 0, 59.25%, 0, 0, 16, 27616.60, 89720083, 1775
3368, 41, 2331, 2469, 152, 0, 59.25%, 0, 0, 16, 27992.50, 89864204, 1775
3374, 41, 2441, 2470, 152, 0, 59.25%, 0, 0, 16, 25801.96, 89995584, 1775
3379, 41, 1884, 2471, 152, 0, 59.25%, 0, 0, 16, 27042.97, 90136378, 1775
3384, 41, 1523, 2471, 152, 0, 59.25%, 0, 0, 16, 27131.20, 90271738, 1775
3389, 41, 1323, 2471, 152, 0, 59.25%, 0, 0, 16, 25691.53, 90399561, 1775
3394, 41, 2081, 2471, 151, 0, 59.25%, 0, 0, 16, 26876.22, 90536983, 1775
3399, 41, 400, 2473, 151, 0, 59.25%, 0, 0, 16, 27041.58, 90671693, 1775
3404, 41, 1523, 2473, 151, 0, 59.25%, 0, 0, 16, 27741.10, 90812258, 1775
3409, 41, 1523, 2474, 151, 0, 59.25%, 0, 0, 16, 27523.83, 90952962, 1775
3414, 41, 2441, 2474, 151, 0, 59.25%, 0, 0, 16, 26165.52, 91085678, 1775
3419, 41, 2053, 2474, 150, 0, 59.25%, 0, 0, 16, 26414.75, 91219731, 1775
3424, 41, 2253, 2474, 150, 0, 59.25%, 0, 0, 16, 27437.90, 91356526, 1775
3430, 41, 1577, 2476, 152, 0, 59.25%, 0, 0, 16, 27232.66, 91492161, 1775
3435, 41, 1474, 2477, 153, 0, 59.25%, 0, 0, 16, 27619.37, 91631565, 1775
3440, 41, 1679, 2477, 152, 0, 59.25%, 0, 0, 16, 28660.03, 91776832, 1775
3445, 41, 2053, 2477, 152, 0, 59.25%, 0, 0, 16, 28772.54, 91923829, 1775
3450, 42, 2253, 2479, 153, 0, 59.25%, 0, 0, 16, 26981.26, 92057412, 1775
3455, 42, 2473, 2480, 154, 0, 59.25%, 0, 0, 16, 25892.58, 92195415, 1775
3460, 42, 472, 2481, 154, 0, 59.25%, 0, 0, 16, 27577.14, 92335695, 1775
3465, 42, 1830, 2482, 154, 0, 59.25%, 0, 0, 16, 25708.67, 92464109, 1775
3470, 42, 1523, 2482, 153, 0, 59.25%, 0, 0, 16, 27756.58, 92605825, 1775
3475, 42, 1884, 2483, 154, 0, 59.25%, 0, 0, 16, 26226.53, 92738384, 1775
3480, 42, 451, 2484, 155, 0, 59.25%, 0, 0, 16, 27197.22, 92876102, 1775
3485, 42, 1523, 2484, 155, 0, 59.25%, 0, 0, 16, 26992.73, 93011538, 1775
3491, 42, 1523, 2484, 155, 0, 59.25%, 0, 0, 16, 26794.64, 93147903, 1775
3496, 42, 1472, 2485, 156, 0, 59.25%, 0, 0, 16, 27066.19, 93287554, 1775
3501, 42, 1905, 2485, 156, 0, 59.25%, 0, 0, 16, 28503.36, 93433189, 1775
3506, 42, 1841, 2485, 155, 0, 59.25%, 0, 0, 16, 26324.60, 93569386, 1775
3511, 42, 1523, 2485, 155, 0, 59.25%, 0, 0, 16, 25822.12, 93702239, 1775
3516, 42, 112, 2485, 155, 0, 59.25%, 0, 0, 16, 26092.53, 93835253, 1775
3521, 42, 1300, 2485, 155, 0, 59.25%, 0, 0, 16, 26030.14, 93970705, 1775
3526, 42, 461, 2485, 153, 0, 59.25%, 0, 0, 16, 25690.21, 94103053, 1775
3531, 42, 1847, 2485, 153, 0, 59.25%, 0, 0, 16, 26219.98, 94236018, 1775
3536, 43, 2253, 2486, 154, 0, 59.25%, 0, 0, 16, 28341.27, 94380619, 1775
3541, 43, 2253, 2487, 155, 0, 59.25%, 0, 0, 16, 26670.81, 94514164, 1775
3546, 43, 1523, 2487, 155, 0, 59.25%, 0, 0, 16, 27313.82, 94653704, 1775
3551, 43, 1884, 2487, 155, 0, 59.25%, 0, 0, 16, 26018.75, 94784366, 1775
3557, 43, 2047, 2488, 156, 0, 59.25%, 0, 0, 16, 26986.96, 94920224, 1775
3562, 43, 2331, 2488, 156, 0, 59.25%, 0, 0, 16, 28666.79, 95066849, 1775
3567, 43, 1523, 2488, 156, 0, 59.25%, 0, 0, 16, 27512.24, 95206822, 1775
3572, 43, 2486, 2488, 156, 0, 59.25%, 0, 0, 16, 25973.05, 95341721, 1775
3577, 43, 1533, 2488, 153, 0, 59.25%, 0, 0, 16, 26069.39, 95477809, 1775
3582, 43, 2190, 2488, 153, 0, 59.25%, 0, 0, 16, 25891.70, 95611698, 1775
3587, 43, 1947, 2490, 155, 0, 59.25%, 0, 0, 16, 26133.33, 95743523, 1775
3592, 43, 2367, 2490, 155, 0, 59.25%, 0, 0, 16, 26097.12, 95876046, 1775
3597, 43, 1791, 2490, 155, 0, 59.25%, 0, 0, 16, 26889.45, 96017769, 1775
3602, 43, 1395, 2490, 155, 0, 59.25%, 0, 0, 16, 25625.17, 96146094, 1775
3607, 43, 1884, 2490, 155, 0, 59.25%, 0, 0, 16, 27263.60, 96284358, 1775
3613, 43, 2367, 2492, 155, 0, 59.25%, 0, 0, 16, 27188.96, 96423949, 1775
3618, 43, 2053, 2492, 154, 0, 59.25%, 0, 0, 16, 27215.20, 96562526, 1775
3623, 43, 1523, 2492, 153, 0, 59.25%, 0, 0, 16, 25822.82, 96693480, 1775
3628, 44, 1943, 2492, 153, 0, 59.25%, 0, 0, 16, 26940.07, 96830665, 1775
3633, 44, 653, 2492, 153, 0, 59.25%, 0, 0, 16, 27476.93, 96969797, 1775
3638, 44, 1884, 2493, 154, 0, 59.25%, 0, 0, 16, 26616.16, 97104042, 1775
3643, 44, 2195, 2493, 154, 0, 59.25%, 0, 0, 16, 25523.68, 97233755, 1775
3648, 44, 1523, 2493, 153, 0, 59.25%, 0, 0, 16, 26861.59, 97373780, 1775
3653, 44, 1932, 2494, 154, 0, 59.25%, 0, 0, 16, 27110.69, 97510741, 1775
3658, 44, 1523, 2495, 153, 0, 59.25%, 0, 0, 16, 27742.18, 97632342, 1775
3663, 44, 1523, 2495, 153, 0, 59.25%, 0, 0, 16, 27830.13, 97773894, 1775
3668, 44, 1523, 2495, 153, 0, 59.25%, 0, 0, 16, 28672.37, 97917445, 1775
3674, 44, 1064, 2495, 153, 0, 59.25%, 0, 0, 16, 27844.32, 98058394, 1775
3679, 44, 1465, 2497, 155, 0, 59.25%, 0, 0, 16, 25960.05, 98187202, 1775
3684, 44, 1979, 2497, 153, 0, 59.25%, 0, 0, 16, 26239.17, 98319383, 1775
3689, 44, 1788, 2497, 152, 0, 59.25%, 0, 0, 16, 26315.86, 98454471, 1775
3694, 44, 2253, 2497, 152, 0, 59.25%, 0, 0, 16, 25978.32, 98586265, 1775
3699, 44, 2367, 2497, 152, 0, 59.25%, 0, 0, 16, 27211.51, 98724744, 1775
3704, 44, 1523, 2497, 151, 0, 59.25%, 0, 0, 16, 26641.27, 98857595, 1775
3709, 44, 276, 2497, 150, 0, 59.25%, 0, 0, 16, 26122.12, 98990739, 1775
3714, 45, 2053, 2497, 150, 0, 59.25%, 0, 0, 16, 27642.07, 99133776, 1775
3719, 45, 276, 2497, 149, 0, 59.25%, 0, 0, 16, 26222.86, 99264138, 1775
3724, 45, 1979, 2497, 148, 0, 59.25%, 0, 0, 16, 25697.00, 99398210, 1775
3729, 45, 1523, 2497, 147, 0, 59.25%, 0, 0, 16, 26801.99, 99530643, 1775
3735, 45, 1930, 2497, 147, 0, 59.25%, 0, 0, 16, 26170.04, 99661596, 1775
3740, 45, 343, 2497, 147, 0, 59.25%, 0, 0, 16, 27216.80, 99801281, 1775
3745, 45, 1750, 2497, 147, 0, 59.25%, 0, 0, 16, 26164.19, 99933316, 1775
3750, 45, 1523, 2497, 147, 0, 59.25%, 0, 0, 16, 26519.83, 100068612, 1775
3755, 45, 1523, 2497, 147, 0, 59.25%, 0, 0, 16, 26465.85, 100205029, 1775
3760, 45, 2362, 2498, 148, 0, 59.25%, 0, 0, 16, 25668.13, 100335406, 1775
3765, 45, 2253, 2498, 148, 0, 59.25%, 0, 0, 16, 26913.29, 100468147, 1775
3770, 45, 461, 2498, 147, 0, 59.25%, 0, 0, 16, 25367.68, 100598610, 1775
3775, 45, 1347, 2499, 148, 0, 59.25%, 0, 0, 16, 25820.50, 100731415, 1775
3780, 45, 2367, 2499, 148, 0, 59.25%, 0, 0, 16, 26696.10, 100867001, 1775
3785, 45, 1523, 2499, 148, 0, 59.25%, 0, 0, 16, 26472.48, 101001820, 1775
3791, 45, 1943, 2499, 147, 0, 59.25%, 0, 0, 16, 27504.39, 101140196, 1775
3796, 45, 2367, 2499, 147, 0, 59.25%, 0, 0, 16, 27313.34, 101275915, 1775
3801, 45, 1943, 2499, 147, 0, 59.25%, 0, 0, 16, 25995.53, 101412917, 1775
3806, 46, 2195, 2500, 148, 0, 59.25%, 0, 0, 16, 26084.74, 101545238, 1775
3811, 46, 2372, 2500, 148, 0, 59.25%, 0, 0, 16, 26515.12, 101684953, 1775
3816, 46, 1523, 2500, 147, 0, 59.25%, 0, 0, 16, 27017.24, 101823352, 1775
3821, 46, 1523, 2500, 147, 0, 59.25%, 0, 0, 16, 26577.32, 101955390, 1775
3826, 46, 2107, 2502, 146, 0, 59.25%, 0, 0, 16, 26647.50, 102092738, 1775
3831, 46, 461, 2502, 144, 0, 59.25%, 0, 0, 16, 26580.97, 102232666, 1775
3836, 46, 1969, 2502, 144, 0, 59.25%, 0, 0, 16, 26831.82, 102366067, 1775
3841, 46, 1523, 2502, 144, 0, 59.25%, 0, 0, 16, 27846.04, 102506737, 1775
3847, 46, 1844, 2503, 145, 0, 59.25%, 0, 0, 16, 27163.92, 102644720, 1775
3852, 46, 1523, 2503, 144, 0, 59.25%, 0, 0, 16, 26313.54, 102778496, 1775
3857, 46, 1884, 2503, 144, 0, 59.25%, 0, 0, 16, 27112.94, 102917088, 1775
3862, 46, 1523, 2503, 142, 0, 59.25%, 0, 0, 16, 26532.85, 103050094, 1775
3867, 46, 1420, 2503, 142, 0, 59.25%, 0, 0, 16, 26921.90, 103187334, 1775
3872, 46, 1969, 2503, 142, 0, 59.25%, 0, 0, 16, 26232.54, 103319975, 1775
3877, 46, 1523, 2503, 142, 0, 59.25%, 0, 0, 16, 27183.00, 103457284, 1775
3882, 46, 2274, 2504, 143, 0, 59.25%, 0, 0, 16, 27228.23, 103600330, 1775
3887, 46, 461, 2504, 143, 0, 59.25%, 0, 0, 16, 27124.00, 103737447, 1775
3892, 46, 1908, 2504, 142, 0, 59.25%, 0, 0, 16, 26474.93, 103873143, 1775
3897, 47, 2253, 2505, 142, 0, 59.25%, 0, 0, 16, 27794.35, 104013274, 1775
3903, 47, 1847, 2505, 142, 0, 59.25%, 0, 0, 16, 25608.88, 104140814, 1775
3908, 47, 1643, 2505, 141, 0, 59.25%, 0, 0, 16, 23026.72, 104254285, 1775
3913, 47, 2253, 2505, 140, 0, 59.25%, 0, 0, 16, 26551.41, 104392766, 1775
3918, 47, 2331, 2505, 140, 0, 59.25%, 0, 0, 16, 27415.32, 104531634, 1775
3923, 47, 1523, 2506, 140, 0, 59.25%, 0, 0, 16, 27629.90, 104671671, 1775
3928, 47, 1523, 2506, 140, 0, 59.25%, 0, 0, 16, 28574.22, 104815274, 1775
3933, 47, 2336, 2506, 139, 0, 59.25%, 0, 0, 16, 27039.06, 104950255, 1775
3938, 47, 461, 2506, 139, 0, 59.25%, 0, 0, 16, 24941.51, 105077284, 1775
3943, 47, 1930, 2507, 140, 0, 59.25%, 0, 0, 16, 26296.98, 105213851, 1775
3948, 47, 2331, 2507, 140, 0, 59.25%, 0, 0, 16, 25983.21, 105346540, 1775
3953, 47, 2332, 2507, 140, 0, 59.25%, 0, 0, 16, 28041.48, 105490509, 1775
3959, 47, 891, 2507, 139, 0, 59.25%, 0, 0, 16, 27487.47, 105631108, 1775
3964, 47, 1523, 2507, 139, 0, 59.25%, 0, 0, 16, 27804.94, 105774357, 1775
3969, 47, 1472, 2507, 138, 0, 59.25%, 0, 0, 16, 27541.14, 105913771, 1775
3974, 47, 1932, 2507, 136, 0, 59.25%, 0, 0, 16, 27025.20, 106051869, 1775
3979, 47, 2507, 2508, 136, 0, 59.25%, 0, 0, 16, 25292.10, 106181322, 1775
3984, 47, 1884, 2509, 137, 0, 59.25%, 0, 0, 16, 25056.34, 106311161, 1775
3989, 47, 1643, 2510, 138, 0, 59.25%, 0, 0, 16, 26278.57, 106444931, 1775
3994, 48, 1523, 2510, 138, 0, 59.25%, 0, 0, 16, 26267.94, 106580508, 1775
3999, 48, 2367, 2511, 139, 0, 59.25%, 0, 0, 16, 25020.85, 106705051, 1775
4004, 48, 1990, 2512, 140, 0, 59.25%, 0, 0, 16, 25199.42, 106830908, 1775
4009, 48, 2331, 2512, 139, 0, 59.25%, 0, 0, 16, 25282.45, 106955605, 1775
4015, 48, 472, 2512, 139, 0, 59.25%, 0, 0, 16, 26983.64, 107093168, 1775
4020, 48, 379, 2512, 139, 0, 59.25%, 0, 0, 16, 26028.35, 107225637, 1775
4025, 48, 1943, 2512, 138, 0, 59.25%, 0, 0, 16, 26812.83, 107363057, 1775
4030, 48, 2250, 2512, 137, 0, 59.25%, 0, 0, 16, 26130.36, 107495296, 1775
4035, 48, 2253, 2513, 134, 0, 59.25%, 0, 0, 16, 25452.95, 107625168, 1775
4040, 48, 2053, 2513, 134, 0, 59.25%, 0, 0, 16, 25730.45, 107758244, 1775
4045, 48, 461, 2513, 134, 0, 59.25%, 0, 0, 16, 21058.20, 107867426, 1775
4050, 48, 1876, 2513, 133, 0, 59.25%, 0, 0, 16, 25417.71, 107998428, 1775
4055, 48, 2331, 2514, 134, 0, 59.25%, 0, 0, 16, 27872.57, 108141060, 1775
4061, 48, 1474, 2514, 133, 0, 59.25%, 0, 0, 16, 25135.83, 108271031, 1775
4066, 48, 1876, 2514, 133, 0, 59.25%, 0, 0, 16, 26351.31, 108408891, 1775
4071, 48, 1395, 2514, 133, 0, 59.25%, 0, 0, 16, 26182.92, 108543233, 1775
4076, 48, 2484, 2514, 133, 0, 59.25%, 0, 0, 16, 25566.96, 108673991, 1775
4081, 48, 139, 2514, 133, 0, 59.25%, 0, 0, 16, 25655.37, 108806097, 1775
4086, 49, 1523, 2514, 133, 0, 59.25%, 0, 0, 16, 26061.36, 108944742, 1775
4091, 49, 336, 2514, 133, 0, 59.25%, 0, 0, 16, 24622.27, 109069249, 1775
4096, 49, 1979, 2514, 132, 0, 59.25%, 0, 0, 16, 24144.32, 109193224, 1775
4101, 49, 1788, 2514, 132, 0, 59.25%, 0, 0, 16, 24635.12, 109319694, 1775
4106, 49, 2427, 2514, 132, 0, 59.25%, 0, 0, 16, 22621.36, 109433707, 1775
4111, 49, 461, 2514, 132, 0, 59.25%, 0, 0, 16, 22177.23, 109546121, 1775
4116, 49, 2357, 2514, 132, 0, 59.25%, 0, 0, 16, 24321.18, 109672209, 1775
4122, 49, 1908, 2515, 132, 0, 59.25%, 0, 0, 16, 26211.52, 109804580, 1775
4127, 49, 1523, 2515, 130, 0, 59.25%, 0, 0, 16, 26558.01, 109921290, 1775
4132, 49, 2050, 2515, 130, 0, 59.25%, 0, 0, 16, 26552.82, 110055906, 1775
4137, 49, 2507, 2515, 130, 0, 59.25%, 0, 0, 16, 27144.86, 110192977, 1775
4142, 49, 2195, 2515, 128, 0, 59.25%, 0, 0, 16, 27892.13, 110333696, 1775
4147, 49, 1285, 2515, 128, 0, 59.25%, 0, 0, 16, 26290.84, 110465790, 1775
4152, 49, 1905, 2515, 127, 0, 59.25%, 0, 0, 16, 26290.57, 110601824, 1775
4157, 49, 1750, 2515, 127, 0, 59.25%, 0, 0, 16, 26798.80, 110740228, 1775
4162, 49, 251, 2515, 126, 0, 59.25%, 0, 0, 16, 26656.20, 110876276, 1775
4167, 49, 2107, 2515, 126, 0, 59.25%, 0, 0, 16, 26034.63, 111007654, 1775
4172, 49, 363, 2515, 126, 0, 59.25%, 0, 0, 16, 26238.36, 111141786, 1775
4177, 49, 2202, 2515, 126, 0, 59.25%, 0, 0, 16, 27872.74, 111284990, 1775
4183, 50, 1523, 2515, 125, 0, 59.25%, 0, 0, 16, 27478.95, 111421905, 1775
4188, 50, 1523, 2515, 125, 0, 59.25%, 0, 0, 16, 28504.61, 111564104, 1775
4193, 50, 2331, 2516, 125, 0, 59.25%, 0, 0, 16, 27282.01, 111701179, 1775
4198, 50, 2367, 2516, 125, 0, 59.25%, 0, 0, 16, 27784.56, 111843412, 1775
4203, 50, 2195, 2516, 125, 0, 59.25%, 0, 0, 16, 26654.98, 111975905, 1775
4208, 50, 773, 2516, 125, 0, 59.25%, 0, 0, 16, 26624.95, 112112246, 1775
4213, 50, 1523, 2516, 124, 0, 59.25%, 0, 0, 16, 27567.30, 112247912, 1775
4218, 50, 2331, 2516, 123, 0, 59.25%, 0, 0, 16, 27797.83, 112388698, 1775
4223, 50, 1539, 2516, 122, 0, 59.25%, 0, 0, 16, 27438.07, 112529954, 1775
4228, 50, 1714, 2516, 122, 0, 59.25%, 0, 0, 16, 27343.98, 112670993, 1775
4233, 50, 1040, 2516, 121, 0, 59.25%, 0, 0, 16, 25412.18, 112798815, 1775
4238, 50, 1846, 2516, 121, 0, 59.25%, 0, 0, 16, 27244.69, 112940191, 1775
4244, 50, 589, 2517, 120, 0, 59.25%, 0, 0, 16, 24774.04, 113065899, 1775
4249, 50, 2053, 2517, 120, 0, 59.25%, 0, 0, 16, 25673.27, 113198623, 1775
4254, 50, 675, 2517, 120, 0, 59.25%, 0, 0, 16, 25875.76, 113325917, 1775
4259, 50, 1523, 2517, 120, 0, 59.25%, 0, 0, 16, 25906.45, 113462819, 1775
4264, 50, 1523, 2517, 119, 0, 59.25%, 0, 0, 16, 26080.01, 113595009, 1775
4269, 50, 1859, 2517, 119, 0, 59.25%, 0, 0, 16, 27212.62, 113734367, 1775
4274, 51, 1523, 2517, 119, 0, 59.25%, 0, 0, 16, 27101.75, 113870519, 1775
4279, 51, 1713, 2517, 119, 0, 59.25%, 0, 0, 16, 27952.46, 114012811, 1775
4284, 51, 1412, 2517, 118, 0, 59.25%, 0, 0, 16, 27149.07, 114148561, 1775
4289, 51, 2331, 2518, 119, 0, 59.25%, 0, 0, 16, 27141.88, 114284395, 1775
4294, 51, 2053, 2518, 119, 0, 59.25%, 0, 0, 16, 27082.05, 114422142, 1775
4299, 51, 2408, 2518, 119, 0, 59.25%, 0, 0, 16, 26186.50, 114556448, 1775
4305, 51, 2395, 2518, 119, 0, 59.25%, 0, 0, 16, 26710.84, 114690281, 1775
4310, 51, 1930, 2519, 120, 0, 59.25%, 0, 0, 16, 25468.93, 114820665, 1775
4315, 51, 1523, 2519, 120, 0, 59.25%, 0, 0, 16, 26254.80, 114957224, 1775
4320, 51, 461, 2519, 120, 0, 59.25%, 0, 0, 16, 27855.26, 115098032, 1775
4325, 51, 2493, 2520, 120, 0, 59.25%, 0, 0, 16, 24931.97, 115226375, 1775
4330, 51, 1300, 2520, 119, 0, 59.25%, 0, 0, 16, 25855.14, 115357633, 1775
4335, 51, 1656, 2522, 121, 0, 59.25%, 0, 0, 16, 26454.45, 115494263, 1775
4340, 51, 1523, 2523, 119, 0, 59.25%, 0, 0, 16, 23714.65, 115605250, 1775
4345, 51, 2110, 2526, 121, 0, 59.25%, 0, 0, 16, 23732.52, 115720679, 1775
4350, 51, 2212, 2526, 121, 0, 59.25%, 0, 0, 16, 25805.74, 115858072, 1775
4355, 51, 2331, 2527, 122, 0, 59.25%, 0, 0, 16, 26971.23, 115993530, 1775
4360, 51, 1523, 2527, 122, 0, 59.25%, 0, 0, 16, 26927.59, 116131404, 1775
4366, 51, 1523, 2527, 122, 0, 59.25%, 0, 0, 16, 26756.74, 116267745, 1775
4371, 52, 2331, 2528, 123, 0, 59.25%, 0, 0, 16, 24010.38, 116388478, 1775
4376, 52, 2331, 2528, 122, 0, 59.25%, 0, 0, 16, 26951.52, 116528759, 1775
4381, 52, 2253, 2529, 122, 0, 59.25%, 0, 0, 16, 27418.48, 116670683, 1775
4386, 52, 1714, 2534, 127, 0, 59.25%, 0, 0, 16, 24983.15, 116790314, 1775
4391, 52, 1523, 2534, 127, 0, 59.25%, 0, 0, 16, 27349.08, 116930627, 1775
4396, 52, 2332, 2535, 127, 0, 59.28%, 0, 0, 16, 28121.65, 117073461, 1776
4401, 52, 1420, 2536, 128, 0, 59.28%, 0, 0, 16, 22190.02, 117183079, 1776
4406, 52, 1861, 2537, 128, 0, 59.35%, 0, 0, 16, 22933.77, 117301467, 1778
4412, 52, 2074, 2537, 128, 0, 59.35%, 0, 0, 16, 23465.52, 117421677, 1778
4417, 52, 2536, 2539, 128, 0, 59.38%, 0, 0, 16, 21224.67, 117529543, 1779
4422, 52, 1513, 2541, 128, 0, 59.38%, 0, 0, 16, 19872.10, 117626005, 1779
4427, 52, 1932, 2541, 128, 0, 59.38%, 0, 0, 16, 25140.46, 117760815, 1779
4432, 52, 1928, 2541, 128, 0, 59.38%, 0, 0, 16, 25165.97, 117890622, 1779
4437, 52, 1791, 2542, 128, 0, 59.38%, 0, 0, 16, 27179.07, 118031378, 1779
4442, 52, 2253, 2542, 128, 0, 59.38%, 0, 0, 16, 26085.63, 118164985, 1779
4447, 52, 1539, 2542, 127, 0, 59.38%, 0, 0, 16, 26574.31, 118297732, 1779
4452, 52, 1523, 2542, 126, 0, 59.38%, 0, 0, 16, 25785.69, 118428923, 1779
4457, 52, 1523, 2542, 125, 0, 59.38%, 0, 0, 16, 27418.66, 118566541, 1779
4462, 52, 999, 2542, 124, 0, 59.38%, 0, 0, 16, 26093.89, 118694318, 1779
4467, 52, 2190, 2542, 124, 0, 59.38%, 0, 0, 16, 26646.64, 118830883, 1779
4472, 53, 1905, 2543, 125, 0, 59.38%, 0, 0, 16, 25766.27, 118962792, 1779
4478, 53, 2516, 2543, 125, 0, 59.38%, 0, 0, 16, 26220.62, 119098698, 1779
4483, 53, 2540, 2544, 126, 0, 59.38%, 0, 0, 16, 20504.20, 119207489, 1779
4488, 53, 149, 2544, 126, 0, 59.38%, 0, 0, 16, 23968.79, 119332840, 1779
4493, 53, 1523, 2545, 127, 0, 59.38%, 0, 0, 16, 24225.79, 119457547, 1779
4498, 53, 1643, 2546, 128, 0, 59.38%, 0, 0, 16, 25328.80, 119587495, 1779
4503, 53, 2331, 2546, 128, 0, 59.38%, 0, 0, 16, 26948.31, 119724809, 1779
4508, 53, 1905, 2546, 127, 0, 59.38%, 0, 0, 16, 26693.23, 119860260, 1779
4513, 53, 1876, 2547, 127, 0, 59.38%, 0, 0, 16, 25105.51, 119986946, 1779
4518, 53, 1474, 2548, 125, 0, 59.38%, 0, 0, 16, 25883.46, 120116467, 1779
4523, 53, 2373, 2549, 126, 0, 59.38%, 0, 0, 16, 24830.94, 120245160, 1779
4528, 53, 2357, 2550, 126, 0, 59.38%, 0, 0, 16, 24810.68, 120369986, 1779
4534, 53, 1523, 2550, 126, 0, 59.38%, 0, 0, 16, 26182.55, 120503114, 1779
4539, 53, 2372, 2551, 127, 0, 59.38%, 0, 0, 16, 27960.20, 120646315, 1779
4544, 53, 1285, 2551, 127, 0, 59.38%, 0, 0, 16, 26357.21, 120778646, 1779
4549, 53, 2367, 2551, 126, 0, 59.38%, 0, 0, 16, 27622.15, 120922051, 1779
4554, 53, 794, 2551, 126, 0, 59.38%, 0, 0, 16, 24632.17, 121044296, 1779
4559, 53, 2516, 2551, 125, 0, 59.38%, 0, 0, 16, 25539.45, 121175185, 1779
4564, 53, 1844, 2552, 125, 0, 59.41%, 0, 0, 16, 25585.21, 121308079, 1780
4569, 54, 2551, 2552, 123, 0, 59.41%, 0, 0, 16, 25273.68, 121438021, 1780
4574, 54, 1844, 2552, 123, 0, 59.41%, 0, 0, 16, 21483.36, 121527393, 1780
4579, 54, 1523, 2552, 123, 0, 59.41%, 0, 0, 16, 26806.12, 121669046, 1780
4584, 54, 1643, 2553, 124, 0, 59.41%, 0, 0, 16, 21170.58, 121771396, 1780
4590, 54, 2367, 2553, 124, 0, 59.41%, 0, 0, 16, 25894.21, 121907632, 1780
4595, 54, 1750, 2553, 124, 0, 59.41%, 0, 0, 16, 25418.32, 122034833, 1780
4600, 54, 1523, 2553, 124, 0, 59.41%, 0, 0, 16, 25874.18, 122168544, 1780
4605, 54, 2274, 2553, 122, 0, 59.41%, 0, 0, 16, 24955.22, 122300694, 1780
4610, 54, 461, 2553, 122, 0, 59.41%, 0, 0, 16, 26953.81, 122442937, 1780
4615, 54, 1876, 2554, 123, 0, 59.41%, 0, 0, 16, 26324.63, 122575541, 1780
4620, 54, 363, 2554, 123, 0, 59.41%, 0, 0, 16, 24344.22, 122699578, 1780
4625, 54, 1876, 2556, 125, 0, 59.41%, 0, 0, 16, 26113.66, 122835092, 1780
4630, 54, 2233, 2556, 125, 0, 59.41%, 0, 0, 16, 27162.02, 122976143, 1780
4635, 54, 1859, 2556, 125, 0, 59.41%, 0, 0, 16, 26351.31, 123107291, 1780
4640, 54, 1523, 2558, 127, 0, 59.41%, 0, 0, 16, 26591.29, 123242648, 1780
4646, 54, 2053, 2558, 125, 0, 59.41%, 0, 0, 16, 25278.20, 123366283, 1780
4651, 54, 520, 2559, 124, 0, 59.41%, 0, 0, 16, 26398.43, 123501751, 1780
4656, 54, 1930, 2559, 124, 0, 59.41%, 0, 0, 16, 27560.00, 123643023, 1780
4661, 54, 1420, 2559, 124, 0, 59.41%, 0, 0, 16, 24298.32, 123770264, 1780
4666, 54, 1566, 2559, 123, 0, 59.41%, 0, 0, 16, 25553.03, 123904469, 1780
4671, 55, 461, 2559, 123, 0, 59.41%, 0, 0, 16, 26187.56, 124035612, 1780
4676, 55, 1523, 2559, 122, 0, 59.41%, 0, 0, 16, 26498.28, 124171500, 1780
4677, 55, 1928, 2559, 122, 0, 59.41%, 0, 0, 16, 26863.29, 124199791, 1780
