# relative_time, cycles_done, cur_item, corpus_count, pending_total, pending_favs, map_size, saved_crashes, saved_hangs, max_depth, execs_per_sec, total_execs, edges_found
61, 0, 1095, 1224, 843, 0, 49.17%, 0, 0, 12, 19389.92, 1256865, 1473
66, 0, 918, 1242, 856, 0, 49.23%, 0, 0, 12, 20165.06, 1368125, 1475
71, 0, 1166, 1259, 862, 0, 49.40%, 0, 0, 13, 20099.65, 1467921, 1480
76, 1, 1145, 1279, 860, 0, 49.70%, 0, 0, 13, 22638.12, 1583111, 1489
81, 1, 521, 1291, 848, 0, 49.80%, 0, 0, 13, 23522.29, 1699297, 1492
86, 1, 1209, 1299, 824, 0, 49.87%, 0, 0, 13, 27417.95, 1842975, 1494
91, 1, 1296, 1323, 831, 0, 49.87%, 0, 0, 13, 21438.29, 1930514, 1494
96, 1, 87, 1342, 829, 0, 50.17%, 0, 0, 16, 21708.61, 2038427, 1503
102, 1, 92, 1349, 817, 0, 50.27%, 0, 0, 17, 22039.87, 2151732, 1506
107, 1, 1349, 1357, 810, 0, 50.43%, 0, 0, 17, 20241.37, 2254480, 1511
112, 1, 1285, 1362, 799, 0, 50.50%, 0, 0, 18, 21459.52, 2365226, 1513
117, 1, 1342, 1371, 794, 0, 50.63%, 0, 0, 18, 20073.90, 2467713, 1517
122, 1, 1369, 1378, 788, 0, 50.90%, 0, 0, 18, 22148.12, 2588478, 1525
127, 1, 1234, 1381, 777, 0, 50.93%, 0, 0, 18, 24858.04, 2715682, 1526
132, 2, 1206, 1384, 773, 0, 50.93%, 0, 0, 18, 23088.95, 2830525, 1526
137, 2, 1388, 1390, 768, 0, 50.97%, 0, 0, 18, 26647.81, 2968448, 1527
143, 2, 1365, 1400, 757, 0, 50.97%, 0, 0, 18, 26770.53, 3099495, 1527
148, 2, 839, 1406, 750, 0, 50.97%, 0, 0, 18, 26924.87, 3240930, 1527
153, 2, 1413, 1415, 745, 0, 51.17%, 0, 0, 18, 23169.39, 3358786, 1533
158, 2, 275, 1425, 743, 0, 51.37%, 0, 0, 18, 24075.99, 3476114, 1539
163, 2, 92, 1432, 737, 0, 51.40%, 0, 0, 18, 21786.18, 3579317, 1540
168, 2, 253, 1437, 732, 0, 51.44%, 0, 0, 18, 24434.80, 3708341, 1541
173, 2, 442, 1438, 721, 0, 51.44%, 0, 0, 18, 23723.02, 3828062, 1541
178, 3, 1388, 1440, 707, 0, 51.54%, 0, 0, 18, 26108.83, 3962890, 1544
184, 3, 1430, 1445, 705, 0, 51.54%, 0, 0, 18, 21781.54, 4069481, 1544
189, 3, 1386, 1449, 694, 0, 51.54%, 0, 0, 18, 23816.42, 4192317, 1544
194, 3, 521, 1455, 687, 0, 51.57%, 0, 0, 18, 26867.82, 4329729, 1545
199, 3, 1477, 1479, 701, 0, 51.67%, 0, 0, 18, 28722.59, 4468106, 1548
204, 3, 137, 1484, 698, 0, 51.67%, 0, 0, 18, 28335.88, 4613267, 1548
209, 3, 600, 1490, 690, 0, 51.67%, 0, 0, 18, 28553.98, 4760545, 1548
214, 3, 1473, 1494, 684, 0, 51.74%, 0, 0, 18, 27155.77, 4903184, 1550
219, 3, 187, 1503, 674, 0, 51.97%, 0, 0, 18, 26753.66, 5026533, 1557
225, 4, 268, 1508, 674, 0, 51.97%, 0, 0, 18, 25997.44, 5156694, 1557
230, 4, 1490, 1519, 679, 0, 52.07%, 0, 0, 18, 25936.86, 5285015, 1560
235, 4, 1252, 1528, 674, 0, 52.17%, 0, 0, 18, 25766.70, 5415542, 1563
240, 4, 1533, 1536, 671, 0, 52.30%, 0, 0, 20, 25199.44, 5548500, 1567
245, 4, 1480, 1537, 665, 0, 52.30%, 0, 0, 20, 25960.13, 5679999, 1567
250, 4, 705, 1547, 669, 0, 52.44%, 0, 0, 20, 22373.65, 5785675, 1571
255, 4, 159, 1554, 668, 0, 52.44%, 0, 0, 21, 25444.04, 5919568, 1571
260, 4, 1509, 1558, 661, 0, 52.47%, 0, 0, 21, 25805.35, 6051063, 1572
266, 4, 1562, 1563, 660, 0, 52.47%, 0, 0, 21, 24051.71, 6171438, 1572
271, 4, 1577, 1579, 667, 0, 52.54%, 0, 0, 21, 25042.29, 6285755, 1574
276, 5, 92, 1580, 665, 0, 52.54%, 0, 0, 21, 26559.87, 6418914, 1574
281, 5, 521, 1583, 662, 0, 52.57%, 0, 0, 21, 27177.23, 6557016, 1575
286, 5, 1206, 1588, 662, 0, 52.64%, 0, 0, 21, 23229.27, 6674072, 1577
291, 5, 1283, 1590, 655, 0, 52.67%, 0, 0, 21, 27708.92, 6820814, 1578
296, 5, 1265, 1592, 653, 0, 52.67%, 0, 0, 21, 24931.13, 6944602, 1578
301, 5, 1586, 1599, 651, 0, 52.74%, 0, 0, 21, 25593.39, 7077899, 1580
306, 5, 1388, 1605, 651, 0, 52.77%, 0, 0, 21, 28224.81, 7224998, 1581
311, 5, 1601, 1619, 658, 0, 52.90%, 0, 0, 21, 22151.07, 7321725, 1585
316, 5, 92, 1621, 652, 0, 52.90%, 0, 0, 21, 25610.44, 7452613, 1585
321, 5, 1337, 1627, 650, 0, 53.00%, 0, 0, 21, 28016.96, 7595756, 1588
327, 5, 1555, 1629, 639, 0, 53.00%, 0, 0, 21, 27737.86, 7735903, 1588
332, 6, 1391, 1631, 631, 0, 53.00%, 0, 0, 21, 27649.39, 7872891, 1588
337, 6, 521, 1631, 622, 0, 53.00%, 0, 0, 21, 27775.95, 8016909, 1588
342, 6, 1225, 1633, 622, 0, 53.00%, 0, 0, 21, 27463.84, 8154095, 1588
347, 6, 1399, 1640, 621, 0, 53.20%, 0, 0, 21, 28363.67, 8294776, 1594
352, 6, 521, 1640, 618, 0, 53.20%, 0, 0, 21, 27964.17, 8435942, 1594
357, 6, 1209, 1645, 607, 0, 53.34%, 0, 0, 21, 28951.09, 8588513, 1598
362, 6, 1510, 1645, 599, 0, 53.34%, 0, 0, 21, 28238.41, 8733489, 1598
367, 6, 1314, 1647, 595, 0, 53.37%, 0, 0, 21, 26188.05, 8864950, 1599
372, 6, 430, 1651, 595, 0, 53.40%, 0, 0, 21, 26791.09, 9000730, 1600
377, 7, 1297, 1654, 592, 0, 53.40%, 0, 0, 21, 26447.66, 9132106, 1600
383, 7, 1656, 1659, 591, 0, 53.57%, 0, 0, 21, 21633.40, 9252808, 1605
388, 7, 1661, 1666, 590, 1, 53.60%, 0, 0, 21, 22693.05, 9370917, 1606
393, 7, 1604, 1668, 585, 0, 53.60%, 0, 0, 21, 25578.34, 9497128, 1606
398, 7, 92, 1668, 580, 0, 53.60%, 0, 0, 21, 24896.62, 9624269, 1606
403, 7, 92, 1670, 573, 0, 53.60%, 0, 0, 21, 27460.06, 9765799, 1606
408, 7, 1664, 1671, 570, 0, 53.60%, 0, 0, 21, 29724.43, 9914101, 1606
413, 7, 1558, 1675, 572, 0, 53.60%, 0, 0, 21, 28784.30, 10059317, 1606
418, 7, 92, 1676, 570, 0, 53.64%, 0, 0, 21, 26657.40, 10190028, 1607
424, 7, 1557, 1679, 570, 0, 53.67%, 0, 0, 21, 27120.43, 10331058, 1608
429, 7, 929, 1681, 566, 0, 53.67%, 0, 0, 21, 26882.75, 10463505, 1608
434, 8, 599, 1683, 563, 0, 53.67%, 0, 0, 21, 26515.08, 10601882, 1608
439, 8, 1388, 1684, 561, 0, 53.67%, 0, 0, 21, 26973.98, 10735664, 1608
444, 8, 92, 1684, 556, 0, 53.67%, 0, 0, 21, 25938.84, 10869395, 1608
449, 8, 1234, 1686, 554, 0, 53.67%, 0, 0, 21, 27241.92, 11005175, 1608
454, 8, 300, 1687, 550, 0, 53.67%, 0, 0, 21, 26748.64, 11140006, 1608
459, 8, 1600, 1688, 545, 0, 53.74%, 0, 0, 21, 26427.08, 11276826, 1610
464, 8, 1388, 1690, 541, 0, 53.74%, 0, 0, 21, 27567.62, 11420627, 1610
469, 8, 1283, 1694, 539, 0, 53.74%, 0, 0, 21, 28147.26, 11566858, 1610
475, 8, 1283, 1696, 531, 0, 53.77%, 0, 0, 21, 27619.21, 11705097, 1611
480, 8, 1588, 1699, 531, 0, 53.81%, 0, 0, 21, 23093.25, 11823763, 1612
485, 8, 1687, 1701, 528, 0, 53.81%, 0, 0, 21, 24205.46, 11949005, 1612
490, 9, 1702, 1704, 526, 0, 53.81%, 0, 0, 22, 28814.41, 12096486, 1612
495, 9, 1399, 1705, 520, 0, 53.81%, 0, 0, 22, 28600.43, 12242986, 1612
500, 9, 1333, 1705, 516, 0, 53.81%, 0, 0, 22, 28691.57, 12390045, 1612
505, 9, 522, 1707, 512, 0, 53.81%, 0, 0, 22, 27329.22, 12531164, 1612
510, 9, 1697, 1707, 507, 0, 53.81%, 0, 0, 22, 29152.77, 12682291, 1612
515, 9, 1653, 1708, 501, 0, 53.81%, 0, 0, 22, 28834.70, 12833151, 1612
520, 9, 1026, 1709, 495, 0, 53.84%, 0, 0, 22, 30760.09, 12989551, 1613
525, 9, 1533, 1709, 494, 0, 53.84%, 0, 0, 22, 32071.13, 13154792, 1613
531, 9, 620, 1709, 492, 0, 53.84%, 0, 0, 22, 29928.93, 13305567, 1613
536, 10, 92, 1712, 491, 0, 53.87%, 0, 0, 22, 28584.41, 13451338, 1614
541, 10, 92, 1714, 488, 0, 53.91%, 0, 0, 22, 29242.32, 13601239, 1615
546, 10, 293, 1714, 483, 0, 53.91%, 0, 0, 22, 30666.40, 13754990, 1615
551, 10, 798, 1716, 479, 0, 53.91%, 0, 0, 22, 30585.10, 13908834, 1615
556, 10, 92, 1717, 479, 0, 53.91%, 0, 0, 22, 29788.77, 14063096, 1615
561, 10, 420, 1719, 478, 0, 53.94%, 0, 0, 22, 28184.42, 14206397, 1616
566, 10, 1225, 1720, 477, 0, 53.94%, 0, 0, 22, 28859.09, 14360305, 1616
571, 10, 1533, 1722, 476, 0, 53.94%, 0, 0, 22, 29507.83, 14508016, 1616
576, 10, 92, 1723, 470, 0, 53.94%, 0, 0, 22, 28362.66, 14644597, 1616
581, 10, 1678, 1729, 473, 0, 54.04%, 0, 0, 25, 23179.45, 14762022, 1619
587, 11, 92, 1732, 472, 0, 54.07%, 0, 0, 25, 28467.55, 14918140, 1620
592, 11, 1438, 1732, 469, 0, 54.07%, 0, 0, 25, 29770.68, 15067886, 1620
597, 11, 1185, 1739, 471, 0, 54.14%, 0, 0, 25, 26966.20, 15198841, 1622
602, 11, 1206, 1746, 475, 0, 54.14%, 0, 0, 25, 36659.18, 15342356, 1622
607, 11, 1589, 1753, 475, 0, 54.14%, 0, 0, 25, 27933.41, 15475754, 1622
612, 11, 1588, 1754, 473, 0, 54.14%, 0, 0, 25, 29438.37, 15623736, 1622
617, 11, 92, 1757, 467, 0, 54.14%, 0, 0, 25, 30114.91, 15772170, 1622
622, 11, 1735, 1758, 463, 0, 54.14%, 0, 0, 25, 28188.15, 15912396, 1622
627, 11, 1726, 1762, 465, 0, 54.14%, 0, 0, 25, 28060.65, 16061874, 1622
632, 11, 1635, 1765, 463, 0, 54.21%, 0, 0, 25, 29811.14, 16215577, 1624
637, 12, 521, 1766, 461, 0, 54.21%, 0, 0, 25, 30021.84, 16369938, 1624
643, 12, 838, 1769, 461, 0, 54.21%, 0, 0, 25, 30743.70, 16528854, 1624
648, 12, 1234, 1770, 457, 0, 54.21%, 0, 0, 25, 29860.17, 16677987, 1624
653, 12, 1533, 1771, 453, 0, 54.21%, 0, 0, 25, 30871.98, 16836625, 1624
658, 12, 92, 1772, 450, 0, 54.24%, 0, 0, 25, 30122.77, 16985312, 1625
663, 12, 92, 1773, 447, 0, 54.24%, 0, 0, 25, 28660.96, 17128825, 1625
668, 12, 1412, 1774, 444, 0, 54.24%, 0, 0, 25, 30469.95, 17283274, 1625
673, 12, 1420, 1776, 441, 0, 54.24%, 0, 0, 25, 30493.38, 17436141, 1625
678, 12, 1472, 1777, 438, 0, 54.24%, 0, 0, 25, 31102.92, 17591172, 1625
683, 13, 1333, 1783, 438, 0, 54.24%, 0, 0, 25, 31376.76, 17750675, 1625
688, 13, 1598, 1786, 437, 0, 54.24%, 0, 0, 25, 32940.07, 17913733, 1625
694, 13, 1735, 1787, 436, 0, 54.24%, 0, 0, 25, 31091.08, 18073536, 1625
699, 13, 1044, 1789, 435, 0, 54.24%, 0, 0, 25, 31567.34, 18232260, 1625
704, 13, 521, 1792, 432, 0, 54.24%, 0, 0, 25, 30822.96, 18392174, 1625
709, 13, 1697, 1802, 436, 0, 54.27%, 0, 0, 25, 33419.15, 18464981, 1626
714, 13, 1598, 1803, 432, 0, 54.27%, 0, 0, 25, 30111.69, 18615996, 1626
719, 13, 384, 1805, 432, 0, 54.27%, 0, 0, 25, 29705.26, 18764627, 1626
724, 13, 1805, 1811, 438, 0, 54.27%, 0, 0, 25, 24833.67, 18898755, 1626
729, 13, 1480, 1813, 436, 0, 54.27%, 0, 0, 25, 28515.11, 19038835, 1626
734, 13, 1480, 1821, 439, 0, 54.77%, 0, 0, 25, 23772.47, 19165203, 1641
739, 14, 1815, 1823, 437, 0, 54.77%, 0, 0, 25, 27811.39, 19312443, 1641
744, 14, 1206, 1828, 439, 0, 54.77%, 0, 0, 25, 26693.58, 19439881, 1641
750, 14, 1678, 1835, 442, 0, 54.84%, 0, 0, 25, 23279.73, 19565410, 1643
755, 14, 1487, 1837, 441, 0, 54.84%, 0, 0, 25, 25834.35, 19698411, 1643
760, 14, 92, 1841, 440, 0, 54.84%, 0, 0, 25, 29175.80, 19849902, 1643
765, 14, 1533, 1845, 441, 0, 54.84%, 0, 0, 25, 28675.25, 20003740, 1643
770, 14, 951, 1849, 443, 0, 54.87%, 0, 0, 25, 28996.88, 20154339, 1644
775, 14, 92, 1860, 446, 0, 54.87%, 0, 0, 25, 30331.95, 20306790, 1644
780, 14, 521, 1860, 446, 0, 54.87%, 0, 0, 25, 30437.11, 20461964, 1644
786, 14, 1665, 1867, 451, 0, 54.87%, 0, 0, 25, 26766.82, 20591635, 1644
791, 14, 951, 1871, 452, 0, 54.97%, 0, 0, 25, 29458.12, 20740587, 1647
796, 14, 979, 1876, 454, 0, 55.01%, 0, 0, 25, 28639.54, 20884443, 1648
801, 15, 1533, 1879, 454, 0, 55.01%, 0, 0, 25, 27118.43, 21019494, 1648
806, 15, 1180, 1883, 455, 0, 55.07%, 0, 0, 25, 27587.55, 21163806, 1650
811, 15, 1266, 1884, 449, 0, 55.07%, 0, 0, 25, 27964.64, 21309434, 1650
816, 15, 1770, 1885, 445, 0, 55.11%, 0, 0, 25, 28898.36, 21459695, 1651
821, 15, 1161, 1885, 445, 0, 55.11%, 0, 0, 25, 27153.59, 21600158, 1651
827, 15, 1586, 1886, 442, 0, 55.11%, 0, 0, 25, 29250.29, 21750368, 1651
832, 15, 1886, 1887, 440, 0, 55.11%, 0, 0, 25, 28540.56, 21900245, 1651
837, 15, 191, 1888, 435, 0, 55.11%, 0, 0, 25, 29709.46, 22053310, 1651
842, 15, 1386, 1890, 436, 0, 55.11%, 0, 0, 25, 30738.57, 22204750, 1651
847, 15, 92, 1890, 434, 0, 55.11%, 0, 0, 25, 28485.14, 22356818, 1651
852, 16, 1720, 1890, 429, 0, 55.11%, 0, 0, 25, 32008.40, 22522945, 1651
857, 16, 1148, 1890, 427, 0, 55.11%, 0, 0, 25, 29401.55, 22670088, 1651
862, 16, 1286, 1890, 422, 0, 55.11%, 0, 0, 25, 30183.18, 22822533, 1651
867, 16, 1601, 1891, 422, 0, 55.11%, 0, 0, 25, 30956.74, 22976679, 1651
872, 16, 1743, 1893, 421, 0, 55.11%, 0, 0, 25, 31802.79, 23136062, 1651
877, 16, 1185, 1893, 417, 0, 55.11%, 0, 0, 25, 29918.50, 23286416, 1651
883, 16, 1477, 1895, 418, 0, 55.11%, 0, 0, 25, 28437.29, 23429660, 1651
888, 16, 1369, 1896, 412, 0, 55.11%, 0, 0, 25, 26968.78, 23565670, 1651
893, 16, 521, 1896, 409, 0, 55.11%, 0, 0, 25, 30617.31, 23720898, 1651
898, 16, 522, 1897, 407, 0, 55.14%, 0, 0, 25, 30788.67, 23879308, 1652
903, 17, 1478, 1897, 406, 0, 55.14%, 0, 0, 25, 30091.20, 24023284, 1652
908, 17, 1789, 1900, 407, 0, 55.14%, 0, 0, 25, 27934.72, 24162739, 1652
913, 17, 92, 1900, 404, 0, 55.14%, 0, 0, 25, 29861.22, 24314711, 1652
918, 17, 1520, 1900, 403, 0, 55.14%, 0, 0, 25, 28862.78, 24468210, 1652
923, 17, 1480, 1904, 405, 0, 55.14%, 0, 0, 25, 24945.96, 24593826, 1652
928, 17, 92, 1905, 404, 0, 55.14%, 0, 0, 25, 26596.85, 24719642, 1652
933, 17, 1499, 1905, 401, 0, 55.14%, 0, 0, 25, 27086.12, 24862558, 1652
939, 17, 521, 1907, 401, 0, 55.14%, 0, 0, 25, 25964.97, 24997064, 1652
944, 17, 1743, 1908, 398, 0, 55.14%, 0, 0, 25, 27476.89, 25135618, 1652
949, 17, 1770, 1910, 399, 0, 55.14%, 0, 0, 25, 26229.67, 25273035, 1652
954, 17, 1480, 1912, 399, 0, 55.17%, 0, 0, 25, 23530.88, 25387364, 1653
959, 17, 1908, 1913, 397, 0, 55.17%, 0, 0, 25, 27269.28, 25533085, 1653
964, 18, 775, 1915, 396, 0, 55.17%, 0, 0, 25, 29071.90, 25684477, 1653
969, 18, 1601, 1916, 393, 0, 55.17%, 0, 0, 25, 29345.68, 25837742, 1653
974, 18, 31, 1917, 390, 0, 55.17%, 0, 0, 25, 26322.69, 25970991, 1653
980, 18, 1726, 1917, 387, 0, 55.17%, 0, 0, 25, 27425.21, 26114978, 1653
985, 18, 1665, 1918, 387, 0, 55.17%, 0, 0, 25, 24541.80, 26237946, 1653
990, 18, 1697, 1920, 387, 0, 55.17%, 0, 0, 25, 24426.13, 26366327, 1653
995, 18, 1726, 1920, 385, 0, 55.17%, 0, 0, 25, 28112.37, 26507439, 1653
1000, 18, 92, 1920, 383, 0, 55.17%, 0, 0, 25, 24062.17, 26632549, 1653
1005, 18, 1477, 1920, 382, 0, 55.17%, 0, 0, 25, 25874.44, 26762415, 1653
1010, 18, 1678, 1922, 379, 0, 55.24%, 0, 0, 25, 20447.79, 26861724, 1655
1015, 18, 521, 1922, 377, 0, 55.24%, 0, 0, 25, 23818.39, 26984865, 1655
1020, 18, 1336, 1922, 377, 0, 55.24%, 0, 0, 25, 25913.78, 27121366, 1655
1026, 18, 117, 1925, 380, 0, 55.24%, 0, 0, 25, 22345.65, 27228884, 1655
1031, 19, 1364, 1927, 379, 0, 55.24%, 0, 0, 25, 26944.87, 27372067, 1655
1036, 19, 1533, 1927, 374, 0, 55.24%, 0, 0, 25, 24722.98, 27494220, 1655
1041, 19, 1379, 1927, 371, 0, 55.24%, 0, 0, 25, 27625.07, 27636699, 1655
1046, 19, 1555, 1928, 370, 0, 55.24%, 0, 0, 25, 24103.66, 27758252, 1655
1051, 19, 1928, 1932, 370, 0, 55.24%, 0, 0, 25, 26858.05, 27897007, 1655
1056, 19, 219, 1934, 368, 0, 55.27%, 0, 0, 25, 28378.51, 28035208, 1656
1061, 19, 1507, 1937, 367, 0, 55.27%, 0, 0, 25, 26651.22, 28167270, 1656
1066, 19, 1336, 1938, 363, 0, 55.27%, 0, 0, 25, 26232.71, 28301637, 1656
1071, 19, 1388, 1940, 362, 0, 55.27%, 0, 0, 25, 29889.86, 28451719, 1656
1076, 19, 521, 1940, 360, 0, 55.27%, 0, 0, 25, 26572.47, 28574167, 1656
1081, 19, 1634, 1940, 359, 0, 55.27%, 0, 0, 25, 29413.98, 28727845, 1656
1087, 19, 1853, 1942, 361, 0, 55.27%, 0, 0, 25, 28817.33, 28874866, 1656
1092, 20, 1697, 1944, 360, 0, 55.27%, 0, 0, 26, 28469.07, 29022044, 1656
1097, 20, 1562, 1944, 359, 0, 55.27%, 0, 0, 26, 28734.17, 29172829, 1656
1102, 20, 856, 1944, 358, 0, 55.27%, 0, 0, 26, 28085.81, 29315085, 1656
1107, 20, 1399, 1945, 358, 0, 55.27%, 0, 0, 26, 30032.18, 29465911, 1656
1112, 20, 1657, 1946, 358, 0, 55.27%, 0, 0, 26, 29458.77, 29614392, 1656
1117, 20, 1533, 1947, 357, 0, 55.27%, 0, 0, 26, 29183.62, 29761131, 1656
1122, 20, 1478, 1948, 357, 0, 55.27%, 0, 0, 26, 32926.59, 29927609, 1656
1127, 20, 88, 1948, 355, 0, 55.27%, 0, 0, 26, 30373.24, 30080653, 1656
1132, 20, 1478, 1949, 354, 0, 55.27%, 0, 0, 26, 31068.34, 30233608, 1656
1137, 20, 300, 1949, 351, 0, 55.27%, 0, 0, 26, 30085.25, 30377807, 1656
1143, 20, 1726, 1949, 348, 0, 55.27%, 0, 0, 26, 28700.53, 30527708, 1656
1148, 21, 92, 1952, 349, 0, 55.37%, 0, 0, 26, 28174.47, 30677936, 1659
1153, 21, 1399, 1953, 349, 0, 55.37%, 0, 0, 26, 30611.29, 30831375, 1659
1158, 21, 791, 1953, 348, 0, 55.37%, 0, 0, 26, 28773.27, 30978356, 1659
1163, 21, 1185, 1954, 348, 0, 55.37%, 0, 0, 26, 31172.57, 31134509, 1659
1168, 21, 522, 1954, 346, 0, 55.37%, 0, 0, 26, 29922.73, 31288437, 1659
1173, 21, 1771, 1955, 343, 0, 55.37%, 0, 0, 26, 29163.16, 31437420, 1659
1178, 21, 1601, 1956, 343, 0, 55.37%, 0, 0, 26, 27870.33, 31584587, 1659
1183, 21, 92, 1957, 341, 0, 55.37%, 0, 0, 26, 31003.86, 31743535, 1659
1188, 21, 1837, 1958, 339, 0, 55.37%, 0, 0, 26, 29107.48, 31891041, 1659
1194, 21, 1185, 1959, 337, 0, 55.41%, 0, 0, 26, 27351.44, 32026210, 1660
1199, 21, 1206, 1961, 337, 0, 55.41%, 0, 0, 26, 26919.10, 32163171, 1660
1204, 22, 521, 1962, 337, 0, 55.41%, 0, 0, 26, 27782.08, 32308912, 1660
1209, 22, 92, 1964, 338, 0, 55.41%, 0, 0, 26, 29646.92, 32462641, 1660
1214, 22, 1600, 1964, 336, 0, 55.41%, 0, 0, 26, 31120.74, 32620234, 1660
1219, 22, 1185, 1965, 334, 0, 55.44%, 0, 0, 26, 29526.96, 32768186, 1661
1224, 22, 1600, 1967, 333, 0, 55.44%, 0, 0, 26, 28679.04, 32914087, 1661
1229, 22, 1678, 1968, 333, 0, 55.47%, 0, 0, 26, 28183.37, 33059844, 1662
1234, 22, 92, 1969, 334, 0, 55.47%, 0, 0, 26, 30489.80, 33215514, 1662
1240, 22, 1967, 1969, 333, 0, 55.47%, 0, 0, 26, 26867.76, 33359120, 1662
1245, 22, 1743, 1969, 333, 0, 55.47%, 0, 0, 26, 27274.01, 33497991, 1662
1250, 22, 1665, 1969, 329, 0, 55.47%, 0, 0, 26, 28304.96, 33645997, 1662
1255, 22, 1185, 1969, 329, 0, 55.47%, 0, 0, 26, 28695.94, 33794087, 1662
1260, 22, 1678, 1970, 326, 0, 55.51%, 0, 0, 26, 31292.13, 33952278, 1663
1265, 23, 521, 1972, 328, 0, 55.51%, 0, 0, 26, 28360.69, 34087463, 1663
1270, 23, 1959, 1973, 328, 0, 55.51%, 0, 0, 26, 26900.80, 34222470, 1663
1275, 23, 1855, 1974, 325, 0, 55.51%, 0, 0, 26, 29870.99, 34379149, 1663
1280, 23, 705, 1975, 324, 0, 55.51%, 0, 0, 26, 29829.63, 34528924, 1663
1285, 23, 1336, 1975, 322, 0, 55.51%, 0, 0, 26, 31324.19, 34689975, 1663
1290, 23, 1959, 1979, 324, 0, 55.51%, 0, 0, 26, 28067.83, 34832621, 1663
1295, 23, 1586, 1981, 326, 0, 55.51%, 0, 0, 26, 29725.36, 34981583, 1663
1301, 23, 1185, 1981, 325, 0, 55.51%, 0, 0, 26, 28609.24, 35127078, 1663
1306, 23, 521, 1982, 326, 0, 55.51%, 0, 0, 26, 28931.92, 35273673, 1663
1311, 23, 1185, 1982, 323, 0, 55.51%, 0, 0, 26, 28651.47, 35421109, 1663
1316, 23, 521, 1982, 323, 0, 55.51%, 0, 0, 26, 30058.36, 35572999, 1663
1321, 24, 1225, 1982, 323, 0, 55.51%, 0, 0, 26, 28231.28, 35715746, 1663
1326, 24, 1588, 1983, 323, 0, 55.51%, 0, 0, 26, 28263.01, 35862840, 1663
1331, 24, 92, 1984, 323, 0, 55.51%, 0, 0, 26, 28109.94, 36005740, 1663
1336, 24, 1678, 1984, 320, 0, 55.51%, 0, 0, 26, 29976.13, 36162577, 1663
1341, 24, 1634, 1984, 317, 0, 55.51%, 0, 0, 26, 28435.38, 36304117, 1663
1346, 24, 927, 1986, 315, 0, 55.54%, 0, 0, 26, 29845.75, 36456408, 1664
1351, 24, 92, 1987, 314, 0, 55.57%, 0, 0, 26, 27629.16, 36595842, 1665
1357, 24, 1215, 1987, 314, 0, 55.57%, 0, 0, 26, 28029.43, 36734726, 1665
1362, 24, 1167, 1987, 314, 0, 55.57%, 0, 0, 26, 26436.60, 36874762, 1665
1367, 24, 1984, 1987, 312, 0, 55.57%, 0, 0, 26, 27045.34, 37019843, 1665
1372, 24, 1735, 1988, 313, 0, 55.57%, 0, 0, 26, 28282.08, 37166609, 1665
1377, 24, 1810, 1989, 314, 0, 55.57%, 0, 0, 26, 25288.08, 37291826, 1665
1382, 25, 1214, 1989, 313, 0, 55.57%, 0, 0, 26, 27446.30, 37430328, 1665
1382, 25, 1708, 1989, 313, 0, 55.57%, 0, 0, 26, 26925.92, 37438347, 1665
