# relative_time, cycles_done, cur_item, corpus_count, pending_total, pending_favs, map_size, saved_crashes, saved_hangs, max_depth, execs_per_sec, total_execs, edges_found
61, 0, 1121, 1348, 997, 10, 54.82%, 0, 0, 9, 8846.78, 751647, 1643
66, 0, 1227, 1388, 1018, 0, 54.85%, 0, 0, 9, 14488.02, 818113, 1644
71, 0, 1163, 1434, 1045, 3, 55.06%, 0, 0, 9, 28466.25, 977553, 1650
76, 0, 1477, 1478, 1067, 0, 55.22%, 0, 0, 13, 25823.67, 1093721, 1655
81, 0, 1135, 1515, 1090, 1, 55.52%, 0, 0, 13, 23102.72, 1215681, 1664
87, 0, 1488, 1540, 1102, 0, 55.69%, 0, 0, 14, 22550.67, 1332162, 1669
92, 0, 1335, 1561, 1113, 0, 55.92%, 0, 0, 14, 18641.96, 1423489, 1676
97, 0, 1560, 1579, 1119, 4, 56.26%, 0, 0, 14, 8654.15, 1455351, 1686
102, 0, 1586, 1587, 1117, 1, 56.32%, 0, 0, 14, 18561.42, 1548638, 1688
107, 0, 1413, 1606, 1124, 0, 56.59%, 0, 0, 14, 16091.75, 1629136, 1696
112, 0, 1625, 1628, 1137, 3, 56.92%, 0, 0, 14, 17671.76, 1719815, 1706
117, 0, 1635, 1636, 1133, 0, 57.09%, 0, 0, 14, 26382.77, 1859063, 1711
122, 0, 1632, 1646, 1138, 0, 57.12%, 0, 0, 15, 24696.41, 1988248, 1712
128, 0, 1635, 1655, 1142, 0, 57.16%, 0, 0, 15, 23889.75, 2104819, 1713
133, 1, 430, 1677, 1150, 0, 57.72%, 0, 0, 15, 28673.64, 2255253, 1730
138, 1, 1691, 1693, 1149, 2, 57.99%, 0, 0, 15, 17552.30, 2332982, 1738
143, 1, 1607, 1703, 1142, 0, 57.99%, 0, 0, 15, 22967.88, 2451562, 1738
148, 1, 797, 1709, 1132, 0, 58.09%, 0, 0, 15, 22443.06, 2573104, 1741
153, 1, 516, 1725, 1122, 0, 58.19%, 0, 0, 15, 26120.54, 2706035, 1744
158, 1, 1071, 1734, 1107, 0, 58.26%, 0, 0, 15, 24178.90, 2826565, 1746
163, 1, 756, 1736, 1098, 0, 58.26%, 0, 0, 15, 29358.69, 2964546, 1746
169, 1, 489, 1757, 1103, 0, 58.32%, 0, 0, 15, 3775.23, 3087516, 1748
174, 1, 1367, 1760, 1088, 0, 58.36%, 0, 0, 15, 22382.27, 3189477, 1749
179, 1, 1254, 1769, 1085, 0, 58.46%, 0, 0, 15, 23315.32, 3251442, 1752
184, 1, 190, 1773, 1072, 0, 58.46%, 0, 0, 15, 24065.51, 3368840, 1752
189, 1, 635, 1776, 1054, 0, 58.53%, 0, 0, 15, 24951.35, 3498231, 1754
194, 2, 1432, 1781, 1038, 0, 58.53%, 0, 0, 15, 26518.68, 3634855, 1754
199, 2, 1227, 1789, 1031, 0, 58.56%, 0, 0, 15, 26175.77, 3772633, 1755
204, 2, 1664, 1799, 1022, 0, 58.56%, 0, 0, 15, 24668.20, 3892185, 1755
209, 2, 979, 1805, 1013, 0, 58.63%, 0, 0, 15, 28108.38, 4033961, 1757
214, 2, 1808, 1810, 1008, 1, 58.73%, 0, 0, 15, 12590.15, 4140712, 1760
220, 2, 1813, 1818, 1002, 0, 58.76%, 0, 0, 15, 19664.18, 4259267, 1761
225, 2, 1029, 1824, 997, 0, 58.76%, 0, 0, 15, 22826.38, 4376282, 1761
230, 2, 1803, 1827, 984, 0, 58.76%, 0, 0, 15, 25263.66, 4508988, 1761
235, 2, 1831, 1833, 973, 0, 58.79%, 0, 0, 17, 24770.51, 4640520, 1762
240, 2, 894, 1838, 966, 0, 58.79%, 0, 0, 17, 29080.00, 4772664, 1762
245, 2, 1311, 1841, 958, 0, 58.79%, 0, 0, 17, 28090.08, 4914734, 1762
250, 3, 489, 1843, 949, 0, 58.79%, 0, 0, 17, 29968.01, 5053884, 1762
256, 3, 1803, 1860, 958, 0, 58.79%, 0, 0, 17, 22853.32, 5163498, 1762
261, 3, 1609, 1864, 938, 0, 58.79%, 0, 0, 17, 24003.02, 5286731, 1762
266, 3, 1803, 1866, 930, 0, 58.79%, 0, 0, 17, 25349.11, 5413716, 1762
271, 3, 489, 1871, 919, 0, 58.93%, 0, 0, 17, 24316.10, 5538237, 1766
276, 3, 516, 1875, 912, 0, 58.93%, 0, 0, 17, 25355.41, 5672899, 1766
281, 3, 365, 1881, 900, 0, 58.93%, 0, 0, 17, 25417.79, 5804599, 1766
286, 3, 1781, 1884, 891, 0, 58.93%, 0, 0, 17, 25496.49, 5929235, 1766
291, 3, 1810, 1886, 884, 0, 58.96%, 0, 0, 17, 26298.19, 6069226, 1767
296, 3, 1457, 1891, 878, 0, 58.96%, 0, 0, 17, 25729.88, 6200485, 1767
301, 4, 1698, 1894, 866, 0, 58.99%, 0, 0, 17, 25448.92, 6339339, 1768
307, 4, 585, 1896, 856, 0, 58.99%, 0, 0, 17, 26487.12, 6472018, 1768
312, 4, 1831, 1899, 850, 0, 59.09%, 0, 0, 17, 23866.78, 6595139, 1771
317, 4, 489, 1903, 844, 0, 59.09%, 0, 0, 17, 25802.43, 6731529, 1771
322, 4, 818, 1909, 836, 0, 59.16%, 0, 0, 17, 23973.56, 6848446, 1773
327, 4, 1112, 1914, 832, 0, 59.16%, 0, 0, 17, 16418.79, 6952241, 1773
332, 4, 1673, 1919, 821, 0, 59.19%, 0, 0, 17, 22225.14, 7070354, 1774
337, 4, 1549, 1919, 815, 0, 59.19%, 0, 0, 17, 5780.15, 7178163, 1774
342, 4, 1831, 1920, 800, 0, 59.19%, 0, 0, 17, 32890.55, 7289957, 1774
348, 4, 499, 1922, 794, 0, 59.19%, 0, 0, 17, 21910.06, 7400909, 1774
353, 4, 1116, 1923, 785, 0, 59.19%, 0, 0, 17, 22989.57, 7524205, 1774
358, 4, 1612, 1927, 778, 0, 59.23%, 0, 0, 17, 24017.00, 7651828, 1775
363, 5, 489, 1930, 773, 0, 59.23%, 0, 0, 17, 25164.83, 7782064, 1775
368, 5, 1684, 1930, 765, 0, 59.23%, 0, 0, 17, 23116.69, 7897365, 1775
373, 5, 489, 1931, 754, 0, 59.23%, 0, 0, 17, 25581.62, 8026657, 1775
378, 5, 434, 1933, 746, 0, 59.23%, 0, 0, 17, 23172.50, 8132741, 1775
383, 5, 1080, 1935, 735, 0, 59.23%, 0, 0, 17, 24471.50, 8228815, 1775
389, 5, 489, 1937, 728, 0, 59.23%, 0, 0, 17, 24980.81, 8362017, 1775
394, 5, 1932, 1940, 726, 0, 59.23%, 0, 0, 17, 25955.47, 8497459, 1775
399, 5, 1463, 1941, 720, 0, 59.23%, 0, 0, 17, 26409.67, 8624520, 1775
404, 5, 1880, 1946, 716, 0, 59.23%, 0, 0, 17, 24570.64, 8751043, 1775
409, 5, 1538, 1950, 709, 0, 59.23%, 0, 0, 17, 25479.65, 8884187, 1775
414, 6, 1523, 1953, 702, 0, 59.23%, 0, 0, 17, 23145.12, 9008272, 1775
419, 6, 672, 1956, 696, 0, 59.23%, 0, 0, 17, 25123.12, 9139022, 1775
425, 6, 1121, 1960, 694, 0, 59.23%, 0, 0, 17, 26857.25, 9280221, 1775
430, 6, 365, 1962, 690, 0, 59.23%, 0, 0, 17, 26877.23, 9412229, 1775
435, 6, 894, 1965, 690, 0, 59.26%, 0, 0, 17, 25847.77, 9547280, 1776
440, 6, 1081, 1968, 687, 0, 59.26%, 0, 0, 17, 22764.99, 9663391, 1776
445, 6, 1625, 1973, 686, 0, 59.29%, 0, 0, 17, 25623.79, 9799048, 1777
450, 6, 1718, 1974, 677, 0, 59.33%, 0, 0, 17, 24332.41, 9917014, 1778
455, 6, 10, 1977, 673, 0, 59.36%, 0, 0, 17, 23565.42, 10038130, 1779
460, 6, 1579, 1979, 666, 0, 59.39%, 0, 0, 17, 24991.36, 10168725, 1780
465, 6, 1803, 1979, 659, 0, 59.39%, 0, 0, 17, 26489.71, 10308842, 1780
471, 7, 1284, 1981, 655, 0, 59.39%, 0, 0, 17, 27104.47, 10445802, 1780
476, 7, 489, 1982, 652, 0, 59.39%, 0, 0, 17, 22638.09, 10559836, 1780
481, 7, 1810, 1983, 648, 0, 59.43%, 0, 0, 17, 25416.26, 10694631, 1781
486, 7, 894, 1986, 643, 0, 59.43%, 0, 0, 17, 25823.60, 10823659, 1781
491, 7, 1976, 1988, 638, 0, 59.43%, 0, 0, 17, 24854.99, 10944444, 1781
496, 7, 1068, 1989, 635, 0, 59.43%, 0, 0, 17, 25527.94, 11070236, 1781
501, 7, 1625, 1990, 624, 0, 59.43%, 0, 0, 17, 24582.99, 11194746, 1781
506, 7, 1171, 1991, 620, 0, 59.43%, 0, 0, 17, 24180.08, 11325060, 1781
511, 7, 516, 1994, 615, 0, 59.43%, 0, 0, 17, 25573.30, 11455923, 1781
517, 7, 1630, 1996, 609, 0, 59.43%, 0, 0, 17, 25380.91, 11581430, 1781
522, 8, 1152, 1996, 605, 0, 59.43%, 0, 0, 17, 26499.89, 11718585, 1781
527, 8, 1474, 1998, 604, 0, 59.43%, 0, 0, 17, 28130.52, 11861661, 1781
532, 8, 1899, 1999, 600, 0, 59.43%, 0, 0, 17, 25857.56, 11991705, 1781
537, 8, 516, 2000, 595, 0, 59.43%, 0, 0, 17, 24924.64, 12125453, 1781
542, 8, 1523, 2003, 590, 0, 59.43%, 0, 0, 17, 26546.87, 12261145, 1781
547, 8, 1733, 2003, 585, 0, 59.43%, 0, 0, 17, 27441.38, 12401402, 1781
552, 8, 1100, 2008, 582, 0, 59.46%, 0, 0, 17, 18717.19, 12508547, 1782
557, 8, 1552, 2012, 577, 0, 59.49%, 0, 0, 17, 22324.92, 12623367, 1783
563, 8, 1635, 2014, 573, 0, 59.49%, 0, 0, 17, 25438.96, 12758520, 1783
568, 8, 2028, 2039, 589, 2, 59.89%, 0, 0, 17, 23937.83, 12881733, 1795
573, 8, 2048, 2049, 590, 0, 59.99%, 0, 0, 17, 4276.09, 12987540, 1798
578, 8, 1896, 2051, 587, 0, 59.99%, 0, 0, 17, 23096.01, 13101068, 1798
583, 9, 1846, 2062, 597, 0, 59.99%, 0, 0, 17, 26162.37, 13236808, 1798
588, 9, 2020, 2070, 595, 0, 60.09%, 0, 0, 17, 24296.49, 13360156, 1801
593, 9, 2020, 2073, 590, 0, 60.09%, 0, 0, 17, 25969.23, 13492245, 1801
598, 9, 1103, 2077, 589, 0, 60.16%, 0, 0, 17, 25445.18, 13626499, 1803
603, 9, 495, 2091, 598, 0, 60.16%, 0, 0, 17, 27128.98, 13747303, 1803
608, 9, 516, 2097, 598, 0, 60.19%, 0, 0, 17, 23244.45, 13865792, 1804
613, 9, 710, 2106, 599, 0, 60.26%, 0, 0, 17, 27257.55, 13981349, 1806
619, 9, 997, 2118, 607, 0, 60.29%, 0, 0, 18, 24201.86, 14109428, 1807
624, 9, 2121, 2131, 611, 0, 60.39%, 0, 0, 18, 22746.43, 14223361, 1810
629, 9, 2123, 2132, 609, 0, 60.39%, 0, 0, 18, 26049.08, 14356757, 1810
634, 9, 2123, 2135, 608, 0, 60.39%, 0, 0, 18, 23506.86, 14473454, 1810
639, 9, 319, 2138, 607, 0, 60.39%, 0, 0, 18, 27154.94, 14614688, 1810
644, 9, 2123, 2143, 610, 0, 60.39%, 0, 0, 18, 24453.82, 14740910, 1810
649, 10, 2099, 2150, 613, 0, 60.43%, 0, 0, 18, 25926.51, 14875421, 1811
654, 10, 1005, 2151, 607, 0, 60.43%, 0, 0, 18, 24391.24, 14998015, 1811
660, 10, 733, 2153, 605, 0, 60.43%, 0, 0, 18, 24067.39, 15124208, 1811
665, 10, 2154, 2155, 602, 0, 60.46%, 0, 0, 18, 25736.32, 15264294, 1812
670, 10, 673, 2159, 602, 0, 60.46%, 0, 0, 18, 2935.15, 15380980, 1812
675, 10, 1911, 2161, 598, 0, 60.46%, 0, 0, 18, 27080.72, 15518075, 1812
680, 10, 906, 2164, 592, 0, 60.46%, 0, 0, 18, 26264.70, 15650261, 1812
685, 10, 1204, 2169, 592, 0, 60.46%, 0, 0, 18, 25889.10, 15779417, 1812
690, 10, 1803, 2172, 586, 0, 60.46%, 0, 0, 18, 26154.80, 15908747, 1812
695, 10, 1415, 2193, 600, 0, 60.59%, 0, 0, 18, 25862.18, 16031598, 1816
700, 10, 495, 2198, 595, 0, 60.63%, 0, 0, 18, 27589.74, 16171529, 1817
705, 10, 2123, 2202, 590, 0, 60.63%, 0, 0, 18, 25637.80, 16299346, 1817
711, 10, 2187, 2205, 592, 0, 60.63%, 0, 0, 18, 27615.07, 16443901, 1817
716, 10, 495, 2206, 587, 0, 60.63%, 0, 0, 18, 26870.42, 16578891, 1817
721, 11, 1828, 2208, 585, 0, 60.63%, 0, 0, 18, 26567.88, 16715565, 1817
726, 11, 2187, 2211, 583, 0, 60.63%, 0, 0, 18, 23012.14, 16841725, 1817
731, 11, 2044, 2213, 579, 0, 60.66%, 0, 0, 18, 20794.38, 16963197, 1818
736, 11, 1001, 2215, 579, 0, 60.66%, 0, 0, 18, 24791.85, 17096276, 1818
741, 11, 1986, 2216, 578, 0, 60.66%, 0, 0, 18, 22702.08, 17221549, 1818
746, 11, 1782, 2217, 576, 0, 60.66%, 0, 0, 18, 26985.41, 17360379, 1818
751, 11, 1612, 2218, 573, 0, 60.66%, 0, 0, 18, 26039.36, 17498231, 1818
756, 11, 2105, 2220, 571, 0, 60.66%, 0, 0, 18, 26935.15, 17637356, 1818
761, 11, 664, 2222, 567, 0, 60.66%, 0, 0, 18, 27095.99, 17772634, 1818
766, 11, 270, 2222, 562, 0, 60.66%, 0, 0, 18, 27065.90, 17900917, 1818
772, 11, 365, 2224, 561, 0, 60.66%, 0, 0, 18, 27366.38, 18041001, 1818
777, 11, 2122, 2231, 563, 0, 60.66%, 0, 0, 18, 27998.15, 18175832, 1818
782, 11, 2124, 2234, 562, 0, 60.66%, 0, 0, 18, 27319.10, 18314761, 1818
787, 12, 2187, 2237, 560, 0, 60.66%, 0, 0, 18, 27914.48, 18458986, 1818
792, 12, 1177, 2240, 559, 0, 60.66%, 0, 0, 18, 26484.94, 18595428, 1818
797, 12, 2187, 2246, 565, 0, 60.66%, 0, 0, 18, 26973.27, 18736650, 1818
802, 12, 2187, 2246, 561, 0, 60.66%, 0, 0, 18, 28982.84, 18884383, 1818
808, 12, 150, 2246, 556, 0, 60.66%, 0, 0, 18, 26022.42, 19014604, 1818
813, 12, 2187, 2248, 557, 0, 60.66%, 0, 0, 18, 26026.56, 19148485, 1818
818, 12, 1899, 2248, 553, 0, 60.66%, 0, 0, 18, 27425.10, 19277701, 1818
823, 12, 365, 2250, 552, 0, 60.66%, 0, 0, 18, 27211.67, 19420071, 1818
828, 12, 1896, 2250, 548, 0, 60.66%, 0, 0, 18, 10067.22, 19546422, 1818
833, 12, 1631, 2250, 546, 0, 60.66%, 0, 0, 18, 18853.32, 19653724, 1818
838, 12, 1677, 2250, 543, 0, 60.66%, 0, 0, 18, 25037.53, 19787928, 1818
843, 12, 2187, 2255, 546, 0, 60.69%, 0, 0, 18, 24802.20, 19917675, 1819
848, 12, 1986, 2256, 543, 0, 60.69%, 0, 0, 18, 26769.98, 20054318, 1819
853, 12, 2187, 2258, 544, 0, 60.69%, 0, 0, 18, 28232.31, 20197878, 1819
859, 13, 2020, 2259, 537, 0, 60.69%, 0, 0, 18, 6571.25, 20326177, 1819
864, 13, 1405, 2263, 539, 0, 60.69%, 0, 0, 18, 28125.40, 20458899, 1819
869, 13, 365, 2266, 539, 0, 60.69%, 0, 0, 18, 29611.09, 20562630, 1819
874, 13, 933, 2269, 536, 0, 60.69%, 0, 0, 18, 25594.33, 20686568, 1819
879, 13, 1432, 2270, 534, 0, 60.69%, 0, 0, 18, 26561.19, 20816705, 1819
884, 13, 495, 2272, 533, 0, 60.69%, 0, 0, 18, 25740.59, 20947295, 1819
889, 13, 2187, 2275, 534, 0, 60.69%, 0, 0, 18, 26474.05, 21082549, 1819
894, 13, 2187, 2277, 530, 0, 60.69%, 0, 0, 18, 27040.47, 21219353, 1819
899, 13, 1633, 2279, 529, 0, 60.69%, 0, 0, 18, 26827.57, 21353345, 1819
904, 13, 1806, 2280, 527, 0, 60.69%, 0, 0, 18, 27385.80, 21490773, 1819
910, 13, 1896, 2281, 527, 0, 60.69%, 0, 0, 18, 27882.04, 21627612, 1819
915, 13, 365, 2282, 523, 0, 60.69%, 0, 0, 18, 28153.49, 21773597, 1819
920, 13, 2020, 2282, 521, 0, 60.69%, 0, 0, 18, 26705.58, 21904383, 1819
925, 13, 2122, 2286, 524, 0, 60.69%, 0, 0, 18, 27378.72, 22047149, 1819
930, 14, 1531, 2288, 519, 0, 60.73%, 0, 0, 18, 33152.72, 22165615, 1820
935, 14, 1047, 2288, 517, 0, 60.73%, 0, 0, 18, 29078.55, 22307405, 1820
940, 14, 2196, 2290, 514, 0, 60.73%, 0, 0, 18, 25118.84, 22434692, 1820
945, 14, 1180, 2290, 510, 0, 60.73%, 0, 0, 18, 26340.85, 22571203, 1820
950, 14, 1803, 2295, 509, 0, 60.73%, 0, 0, 18, 26964.00, 22697805, 1820
956, 14, 938, 2296, 508, 0, 60.73%, 0, 0, 18, 27295.94, 22834825, 1820
961, 14, 1806, 2298, 507, 0, 60.73%, 0, 0, 18, 25980.99, 22964299, 1820
966, 14, 2187, 2310, 517, 0, 60.73%, 0, 0, 18, 25037.96, 23084105, 1820
971, 14, 882, 2312, 518, 0, 60.73%, 0, 0, 18, 25292.30, 23210814, 1820
976, 14, 763, 2313, 517, 0, 60.73%, 0, 0, 18, 26614.24, 23352911, 1820
981, 14, 516, 2316, 514, 0, 60.73%, 0, 0, 18, 25386.18, 23481509, 1820
986, 14, 1596, 2317, 512, 0, 60.73%, 0, 0, 18, 26180.68, 23616917, 1820
991, 14, 2123, 2318, 511, 0, 60.73%, 0, 0, 18, 26924.68, 23755022, 1820
996, 14, 2122, 2318, 508, 0, 60.73%, 0, 0, 18, 26171.07, 23891871, 1820
1001, 15, 1432, 2320, 507, 0, 60.73%, 0, 0, 18, 25962.95, 24021721, 1820
1006, 15, 1486, 2321, 505, 0, 60.73%, 0, 0, 18, 25998.04, 24155221, 1820
1012, 15, 2187, 2321, 502, 0, 60.73%, 0, 0, 18, 26011.53, 24288669, 1820
1017, 15, 2020, 2322, 500, 0, 60.73%, 0, 0, 18, 25255.37, 24410667, 1820
1022, 15, 1672, 2323, 500, 0, 60.73%, 0, 0, 18, 27700.43, 24552738, 1820
1027, 15, 1180, 2323, 498, 0, 60.73%, 0, 0, 18, 28329.88, 24696560, 1820
1032, 15, 2325, 2326, 500, 2, 60.79%, 0, 0, 18, 4339.81, 24810794, 1822
1037, 15, 450, 2326, 496, 0, 60.79%, 0, 0, 18, 26845.60, 24942961, 1822
1042, 15, 759, 2327, 494, 0, 60.79%, 0, 0, 18, 24764.04, 25031922, 1822
1047, 15, 496, 2329, 493, 0, 60.79%, 0, 0, 18, 26419.39, 25165140, 1822
1052, 15, 1677, 2333, 494, 0, 60.89%, 0, 0, 18, 28399.15, 25310180, 1825
1057, 15, 1670, 2334, 493, 0, 60.89%, 0, 0, 18, 25868.94, 25437915, 1825
1063, 15, 1986, 2334, 489, 0, 60.89%, 0, 0, 18, 26405.39, 25575855, 1825
1068, 15, 495, 2334, 486, 0, 60.89%, 0, 0, 18, 27640.28, 25720565, 1825
1073, 16, 2123, 2334, 486, 0, 60.89%, 0, 0, 18, 28509.10, 25865697, 1825
1078, 16, 2187, 2334, 483, 0, 60.89%, 0, 0, 18, 25754.83, 25993117, 1825
1083, 16, 1303, 2336, 483, 0, 60.89%, 0, 0, 18, 25985.47, 26126421, 1825
1088, 16, 2122, 2337, 483, 0, 60.89%, 0, 0, 18, 26008.85, 26257471, 1825
1093, 16, 2121, 2337, 480, 0, 60.89%, 0, 0, 18, 22764.90, 26370027, 1825
1098, 16, 704, 2338, 479, 0, 60.89%, 0, 0, 18, 24587.89, 26496412, 1825
1103, 16, 1803, 2339, 479, 0, 60.89%, 0, 0, 18, 27501.65, 26639904, 1825
1109, 16, 1768, 2340, 478, 0, 60.89%, 0, 0, 18, 24377.20, 26767896, 1825
1114, 16, 2187, 2341, 477, 0, 60.89%, 0, 0, 18, 26945.21, 26910183, 1825
1119, 16, 495, 2343, 477, 0, 60.89%, 0, 0, 18, 25969.94, 27046414, 1825
1124, 16, 1635, 2344, 475, 0, 60.89%, 0, 0, 18, 28637.73, 27194666, 1825
1129, 16, 2187, 2345, 473, 0, 60.89%, 0, 0, 18, 28827.10, 27341577, 1825
1134, 16, 2256, 2345, 472, 0, 60.89%, 0, 0, 18, 28981.25, 27487443, 1825
1139, 16, 2039, 2345, 472, 0, 60.89%, 0, 0, 18, 27209.59, 27622219, 1825
1144, 17, 2123, 2346, 471, 0, 60.89%, 0, 0, 18, 26295.07, 27759451, 1825
1149, 17, 2187, 2347, 468, 0, 60.89%, 0, 0, 18, 25949.89, 27892874, 1825
1155, 17, 2048, 2347, 466, 0, 60.89%, 0, 0, 18, 27114.39, 28034502, 1825
1160, 17, 495, 2349, 465, 0, 60.89%, 0, 0, 18, 26517.71, 28166610, 1825
1165, 17, 2039, 2349, 462, 0, 60.89%, 0, 0, 18, 26405.64, 28303632, 1825
1170, 17, 1986, 2352, 465, 0, 60.89%, 0, 0, 18, 27862.70, 28447355, 1825
1175, 17, 488, 2353, 464, 0, 60.89%, 0, 0, 18, 25748.18, 28583142, 1825
1180, 17, 1702, 2353, 462, 0, 60.89%, 0, 0, 18, 26408.13, 28717126, 1825
1185, 17, 1916, 2353, 460, 0, 60.89%, 0, 0, 18, 24664.66, 28841033, 1825
1190, 17, 1670, 2356, 459, 0, 60.89%, 0, 0, 18, 22487.37, 28956071, 1825
1196, 17, 2124, 2356, 457, 0, 60.89%, 0, 0, 18, 26494.21, 29098298, 1825
1201, 17, 2020, 2357, 454, 0, 60.89%, 0, 0, 18, 27255.29, 29224773, 1825
1206, 17, 516, 2357, 450, 0, 60.89%, 0, 0, 18, 26457.66, 29360309, 1825
1211, 17, 1081, 2358, 451, 0, 60.89%, 0, 0, 18, 25965.01, 29489771, 1825
1216, 18, 2187, 2360, 450, 0, 60.89%, 0, 0, 18, 26764.95, 29624412, 1825
1221, 18, 443, 2360, 450, 0, 60.89%, 0, 0, 18, 27955.16, 29765407, 1825
1226, 18, 495, 2360, 448, 0, 60.89%, 0, 0, 18, 25817.29, 29895186, 1825
1231, 18, 2187, 2362, 447, 0, 60.89%, 0, 0, 18, 28138.56, 30037715, 1825
1236, 18, 424, 2362, 447, 0, 60.89%, 0, 0, 18, 26469.26, 30165828, 1825
1241, 18, 1986, 2362, 444, 0, 60.89%, 0, 0, 18, 26359.67, 30307349, 1825
1246, 18, 365, 2363, 443, 0, 60.93%, 0, 0, 18, 32566.38, 30440092, 1826
1251, 18, 1986, 2363, 439, 0, 60.93%, 0, 0, 18, 24750.53, 30557275, 1826
1256, 18, 495, 2366, 438, 0, 60.93%, 0, 0, 18, 24570.09, 30683924, 1826
1261, 18, 2332, 2367, 434, 0, 60.93%, 0, 0, 18, 24767.60, 30808402, 1826
1267, 18, 2123, 2367, 431, 0, 60.93%, 0, 0, 18, 24472.01, 30939197, 1826
1272, 18, 1163, 2368, 432, 0, 60.93%, 0, 0, 18, 28559.68, 31089325, 1826
1277, 18, 2187, 2369, 432, 0, 60.93%, 0, 0, 18, 27427.74, 31229579, 1826
1282, 18, 516, 2369, 429, 0, 60.93%, 0, 0, 18, 26881.75, 31364542, 1826
1287, 19, 1156, 2369, 423, 0, 60.93%, 0, 0, 18, 25796.33, 31481516, 1826
1292, 19, 2187, 2371, 422, 0, 60.93%, 0, 0, 18, 26346.13, 31620243, 1826
1297, 19, 495, 2374, 424, 0, 60.93%, 0, 0, 18, 27755.72, 31759134, 1826
1302, 19, 2361, 2375, 422, 0, 60.93%, 0, 0, 18, 2700.93, 31887625, 1826
1307, 19, 2237, 2375, 418, 0, 60.93%, 0, 0, 18, 28530.93, 32022239, 1826
1313, 19, 304, 2376, 416, 0, 60.93%, 0, 0, 18, 28577.44, 32163168, 1826
1318, 19, 1203, 2376, 415, 0, 60.93%, 0, 0, 18, 26170.49, 32298583, 1826
1323, 19, 365, 2376, 412, 0, 60.93%, 0, 0, 18, 27864.70, 32440092, 1826
1328, 19, 365, 2376, 412, 0, 60.93%, 0, 0, 18, 25852.57, 32570140, 1826
1333, 19, 495, 2377, 410, 0, 60.93%, 0, 0, 18, 25432.24, 32703816, 1826
1338, 19, 894, 2378, 410, 0, 60.93%, 0, 0, 18, 26047.25, 32840095, 1826
1343, 19, 2121, 2380, 410, 0, 60.93%, 0, 0, 18, 27674.54, 32982956, 1826
1348, 19, 2123, 2381, 410, 0, 60.93%, 0, 0, 18, 25591.66, 33114951, 1826
1353, 19, 2039, 2381, 408, 0, 60.93%, 0, 0, 18, 24987.43, 33240490, 1826
1359, 20, 2123, 2383, 408, 0, 60.93%, 0, 0, 18, 25756.09, 33373008, 1826
1364, 20, 1564, 2386, 410, 0, 60.93%, 0, 0, 18, 26514.58, 33511214, 1826
1369, 20, 1620, 2386, 408, 0, 60.93%, 0, 0, 18, 27812.11, 33645372, 1826
1374, 20, 428, 2386, 406, 0, 60.93%, 0, 0, 18, 26937.40, 33779517, 1826
1379, 20, 1178, 2386, 404, 0, 60.93%, 0, 0, 18, 26425.13, 33910805, 1826
1384, 20, 2123, 2388, 405, 0, 60.93%, 0, 0, 18, 26445.16, 34055037, 1826
1389, 20, 365, 2389, 405, 0, 60.93%, 0, 0, 18, 28395.69, 34199930, 1826
1394, 20, 1071, 2391, 404, 0, 60.93%, 0, 0, 18, 27090.19, 34320553, 1826
1399, 20, 1378, 2392, 405, 0, 60.93%, 0, 0, 18, 26919.00, 34456278, 1826
1404, 20, 2122, 2392, 401, 0, 60.93%, 0, 0, 18, 24604.26, 34584309, 1826
1409, 20, 1632, 2394, 400, 0, 60.93%, 0, 0, 18, 25365.35, 34709916, 1826
1414, 20, 1509, 2394, 396, 0, 60.93%, 0, 0, 18, 25130.90, 34836444, 1826
1420, 20, 495, 2395, 393, 0, 60.93%, 0, 0, 18, 24185.21, 34960785, 1826
1425, 20, 1426, 2395, 391, 0, 60.93%, 0, 0, 18, 28462.68, 35106123, 1826
1430, 21, 1794, 2396, 388, 0, 60.93%, 0, 0, 18, 27020.76, 35240854, 1826
1435, 21, 2189, 2397, 387, 0, 60.93%, 0, 0, 18, 25422.57, 35369893, 1826
1440, 21, 141, 2397, 385, 0, 60.93%, 0, 0, 18, 28758.63, 35517222, 1826
1445, 21, 1609, 2397, 383, 0, 60.93%, 0, 0, 18, 28130.49, 35652775, 1826
1450, 21, 365, 2397, 380, 0, 60.93%, 0, 0, 18, 28121.33, 35795262, 1826
1455, 21, 365, 2397, 379, 0, 60.93%, 0, 0, 18, 29515.88, 35939845, 1826
1460, 21, 1926, 2401, 381, 0, 60.93%, 0, 0, 18, 28546.07, 36082270, 1826
1466, 21, 2122, 2402, 378, 0, 60.93%, 0, 0, 18, 25693.47, 36210710, 1826
1471, 21, 938, 2403, 378, 0, 60.93%, 0, 0, 18, 26727.05, 36349708, 1826
1476, 21, 495, 2405, 378, 0, 60.93%, 0, 0, 18, 28243.40, 36499467, 1826
1481, 21, 1095, 2405, 378, 0, 60.93%, 0, 0, 18, 27818.51, 36644588, 1826
1486, 21, 1515, 2405, 378, 0, 60.93%, 0, 0, 18, 24880.15, 36769574, 1826
1491, 21, 1487, 2406, 377, 0, 60.93%, 0, 0, 18, 27167.36, 36907562, 1826
1496, 21, 417, 2407, 376, 0, 60.93%, 0, 0, 18, 26241.46, 37040957, 1826
1501, 22, 500, 2407, 374, 0, 60.93%, 0, 0, 18, 26112.37, 37177102, 1826
1506, 22, 1801, 2407, 373, 0, 60.93%, 0, 0, 18, 27078.89, 37314357, 1826
1512, 22, 2123, 2409, 373, 0, 60.93%, 0, 0, 18, 27635.23, 37452891, 1826
1517, 22, 2122, 2409, 370, 0, 60.93%, 0, 0, 18, 26743.34, 37589500, 1826
1522, 22, 2123, 2409, 369, 0, 60.93%, 0, 0, 18, 27894.88, 37731788, 1826
1527, 22, 2044, 2412, 368, 0, 60.93%, 0, 0, 18, 27605.70, 37874385, 1826
1532, 22, 495, 2413, 368, 0, 60.93%, 0, 0, 18, 26405.73, 38010051, 1826
1537, 22, 2064, 2413, 366, 0, 60.93%, 0, 0, 18, 27954.91, 38152105, 1826
1542, 22, 1432, 2414, 367, 0, 60.93%, 0, 0, 18, 29860.54, 38301708, 1826
1547, 22, 495, 2415, 367, 0, 60.93%, 0, 0, 18, 29715.18, 38450994, 1826
1552, 22, 1897, 2415, 365, 0, 60.93%, 0, 0, 18, 28225.91, 38588715, 1826
1557, 22, 2039, 2415, 364, 0, 60.93%, 0, 0, 18, 30430.50, 38729439, 1826
1563, 22, 2121, 2415, 361, 0, 60.93%, 0, 0, 18, 28762.54, 38871188, 1826
1568, 22, 1143, 2415, 358, 0, 60.93%, 0, 0, 18, 8329.06, 39001451, 1826
1573, 23, 516, 2417, 358, 0, 60.93%, 0, 0, 18, 23776.45, 39138328, 1826
1578, 23, 2020, 2419, 360, 0, 60.93%, 0, 0, 18, 26366.85, 39277292, 1826
1583, 23, 2415, 2422, 363, 0, 60.93%, 0, 0, 18, 4661.41, 39376481, 1826
1588, 23, 1405, 2425, 363, 0, 60.93%, 0, 0, 18, 20774.20, 39482523, 1826
1593, 23, 496, 2426, 363, 0, 60.93%, 0, 0, 18, 26503.91, 39622882, 1826
1598, 23, 1175, 2427, 362, 0, 60.93%, 0, 0, 18, 23452.00, 39740667, 1826
1603, 23, 2009, 2427, 361, 0, 60.93%, 0, 0, 18, 27427.64, 39884621, 1826
1608, 23, 495, 2431, 364, 0, 60.93%, 0, 0, 18, 29027.05, 40033265, 1826
1613, 23, 1532, 2433, 364, 0, 60.93%, 0, 0, 18, 27548.35, 40174059, 1826
1619, 23, 1982, 2435, 365, 0, 60.93%, 0, 0, 18, 27264.22, 40311420, 1826
1624, 23, 2020, 2437, 364, 0, 60.93%, 0, 0, 18, 27131.96, 40449383, 1826
1629, 23, 516, 2437, 364, 0, 60.93%, 0, 0, 18, 28121.75, 40595210, 1826
1634, 23, 1227, 2437, 362, 0, 60.93%, 0, 0, 18, 27949.85, 40736260, 1826
1639, 23, 2187, 2441, 365, 0, 60.93%, 0, 0, 18, 26315.29, 40871746, 1826
1644, 23, 1261, 2443, 367, 0, 60.93%, 0, 0, 18, 28452.50, 41014831, 1826
1649, 24, 2187, 2443, 365, 0, 60.93%, 0, 0, 18, 29337.41, 41163026, 1826
1654, 24, 2207, 2443, 362, 0, 60.93%, 0, 0, 18, 7443.42, 41295519, 1826
1659, 24, 2063, 2444, 363, 0, 60.93%, 0, 0, 18, 23949.45, 41442718, 1826
1664, 24, 365, 2444, 362, 0, 60.93%, 0, 0, 18, 26717.50, 41580613, 1826
1669, 24, 1803, 2445, 361, 0, 60.93%, 0, 0, 18, 27675.25, 41721886, 1826
1675, 24, 2187, 2445, 360, 0, 60.93%, 0, 0, 18, 26683.41, 41858808, 1826
1680, 24, 2174, 2445, 358, 0, 60.93%, 0, 0, 18, 33937.02, 41996496, 1826
1685, 24, 2306, 2445, 356, 0, 60.93%, 0, 0, 18, 21767.17, 42111535, 1826
1690, 24, 2039, 2447, 356, 0, 60.93%, 0, 0, 18, 34208.50, 42233365, 1826
1695, 24, 894, 2447, 356, 0, 60.93%, 0, 0, 18, 30222.13, 42378369, 1826
1700, 24, 1844, 2448, 357, 0, 60.93%, 0, 0, 18, 29552.32, 42523948, 1826
1705, 24, 2445, 2450, 357, 0, 60.93%, 0, 0, 18, 4239.04, 42652562, 1826
1711, 24, 880, 2450, 353, 0, 60.93%, 0, 0, 18, 28051.93, 42770872, 1826
1716, 24, 495, 2451, 350, 0, 60.93%, 0, 0, 18, 27091.46, 42901425, 1826
1721, 24, 1677, 2451, 348, 0, 60.93%, 0, 0, 18, 28380.69, 43026690, 1826
1726, 25, 2432, 2454, 349, 0, 60.93%, 0, 0, 18, 23262.40, 43147913, 1826
1731, 25, 2187, 2457, 350, 0, 60.93%, 0, 0, 18, 26639.92, 43270442, 1826
1736, 25, 516, 2457, 347, 0, 60.93%, 0, 0, 18, 27175.95, 43411809, 1826
1741, 25, 1298, 2457, 343, 0, 60.93%, 0, 0, 18, 15380.14, 43531673, 1826
1746, 25, 2121, 2460, 343, 0, 60.96%, 0, 0, 18, 29476.83, 43659436, 1827
1751, 25, 2402, 2462, 343, 0, 60.96%, 0, 0, 18, 28036.58, 43802804, 1827
1757, 25, 384, 2463, 343, 0, 60.96%, 0, 0, 18, 27611.86, 43943364, 1827
1762, 25, 1986, 2464, 342, 0, 60.96%, 0, 0, 18, 26743.50, 44071857, 1827
1767, 25, 2122, 2464, 342, 0, 60.96%, 0, 0, 18, 28291.55, 44215077, 1827
1772, 25, 516, 2467, 344, 0, 60.96%, 0, 0, 18, 27663.60, 44353689, 1827
1777, 25, 1982, 2468, 345, 0, 60.96%, 0, 0, 18, 27235.89, 44496969, 1827
1782, 25, 776, 2468, 342, 0, 60.96%, 0, 0, 18, 26951.73, 44639789, 1827
1787, 25, 1261, 2468, 341, 0, 60.96%, 0, 0, 18, 27100.06, 44777996, 1827
1792, 25, 495, 2468, 340, 0, 60.96%, 0, 0, 18, 25967.69, 44904116, 1827
1797, 25, 2064, 2468, 339, 0, 60.96%, 0, 0, 18, 26366.70, 45033057, 1827
1802, 25, 257, 2470, 340, 0, 60.96%, 0, 0, 18, 29145.46, 45173807, 1827
1808, 26, 721, 2472, 341, 0, 60.96%, 0, 0, 18, 24915.30, 45295980, 1827
1813, 26, 2123, 2473, 342, 0, 60.96%, 0, 0, 18, 27245.63, 45435751, 1827
1818, 26, 1684, 2476, 343, 0, 60.96%, 0, 0, 18, 27836.03, 45576379, 1827
1823, 26, 684, 2476, 338, 0, 60.96%, 0, 0, 18, 24919.46, 45700514, 1827
1828, 26, 516, 2476, 336, 0, 60.96%, 0, 0, 18, 27995.01, 45830255, 1827
1833, 26, 1137, 2477, 333, 0, 60.96%, 0, 0, 18, 26219.72, 45963617, 1827
1838, 26, 2306, 2477, 332, 0, 60.96%, 0, 0, 18, 28736.29, 46107784, 1827
1843, 26, 906, 2478, 330, 0, 60.96%, 0, 0, 18, 26825.14, 46243535, 1827
1849, 26, 1920, 2478, 328, 0, 60.96%, 0, 0, 18, 30954.72, 46380199, 1827
1854, 26, 2081, 2479, 328, 0, 60.96%, 0, 0, 18, 29362.33, 46528054, 1827
1859, 26, 1905, 2479, 327, 0, 60.96%, 0, 0, 18, 24871.20, 46660172, 1827
1863, 26, 516, 2479, 325, 0, 60.96%, 0, 0, 18, 24648.01, 46748177, 1827
